 -0.02000000  0.00000000  0.00000000  0.00000000  0.00000000  0.00000000   -114.529587916620
 -0.01500000 -0.00500000  0.00000000  0.00000000  0.00000000  0.00000000   -114.529331412914
 -0.01500000  0.00000000 -0.00500000  0.00000000  0.00000000  0.00000000   -114.529414730744
 -0.01500000  0.00000000  0.00000000  0.00000000  0.00000000  0.00000000   -114.529400763883
 -0.01500000  0.00000000  0.00500000  0.00000000  0.00000000  0.00000000   -114.529445085470
 -0.01500000  0.00500000  0.00000000  0.00000000  0.00000000  0.00000000   -114.529433303766
 -0.01000000 -0.01000000  0.00000000  0.00000000  0.00000000  0.00000000   -114.529427636459
 -0.01000000 -0.00500000 -0.00500000  0.00000000  0.00000000  0.00000000   -114.529416696524
 -0.01000000 -0.00500000  0.00000000  0.00000000  0.00000000  0.00000000   -114.529477451612
 -0.01000000 -0.00500000  0.00500000  0.00000000  0.00000000  0.00000000   -114.529495264843
 -0.01000000  0.00000000 -0.01000000  0.00000000  0.00000000  0.00000000   -114.529455802299
 -0.01000000  0.00000000 -0.00500000  0.00000000  0.00000000  0.00000000   -114.529387064194
 -0.01000000  0.00000000  0.00000000 -0.01000000  0.00000000  0.00000000   -114.529482544562
 -0.01000000  0.00000000  0.00000000 -0.00500000 -0.00500000  0.00000000   -114.529445386038
 -0.01000000  0.00000000  0.00000000 -0.00500000  0.00500000  0.00000000   -114.529504621682
 -0.01000000  0.00000000  0.00000000  0.00000000 -0.01000000  0.00000000   -114.529504301542
 -0.01000000  0.00000000  0.00000000  0.00000000  0.00000000 -0.01000000   -114.529522325872
 -0.01000000  0.00000000  0.00000000  0.00000000  0.00000000  0.00000000   -114.529521007893
 -0.01000000  0.00000000  0.00000000  0.00000000  0.00000000  0.01000000   -114.529525063977
 -0.01000000  0.00000000  0.00000000  0.00000000  0.01000000  0.00000000   -114.529521007892
 -0.01000000  0.00000000  0.00000000  0.00500000 -0.00500000  0.00000000   -114.529522325872
 -0.01000000  0.00000000  0.00000000  0.00500000  0.00500000  0.00000000   -114.529504301542
 -0.01000000  0.00000000  0.00000000  0.01000000  0.00000000  0.00000000   -114.529504621681
 -0.01000000  0.00000000  0.00500000  0.00000000  0.00000000  0.00000000   -114.529445386037
 -0.01000000  0.00000000  0.01000000  0.00000000  0.00000000  0.00000000   -114.529511472634
 -0.01000000  0.00500000 -0.00500000  0.00000000  0.00000000  0.00000000   -114.529438461148
 -0.01000000  0.00500000  0.00000000  0.00000000  0.00000000  0.00000000   -114.529440251708
 -0.01000000  0.00500000  0.00500000  0.00000000  0.00000000  0.00000000   -114.529507076949
 -0.01000000  0.01000000  0.00000000  0.00000000  0.00000000  0.00000000   -114.529518942302
 -0.00500000 -0.01500000  0.00000000  0.00000000  0.00000000  0.00000000   -114.529442270225
 -0.00500000 -0.01000000 -0.00500000  0.00000000  0.00000000  0.00000000   -114.529337405810
 -0.00500000 -0.01000000  0.00000000  0.00000000  0.00000000  0.00000000   -114.529474286179
 -0.00500000 -0.01000000  0.00500000  0.00000000  0.00000000  0.00000000   -114.529465138101
 -0.00500000 -0.00500000 -0.01000000  0.00000000  0.00000000  0.00000000   -114.529397527698
 -0.00500000 -0.00500000 -0.00500000  0.00000000  0.00000000  0.00000000   -114.529457071535
 -0.00500000 -0.00500000  0.00000000 -0.01000000  0.00000000  0.00000000   -114.529527141771
 -0.00500000 -0.00500000  0.00000000 -0.00500000 -0.00500000  0.00000000   -114.529461885361
 -0.00500000 -0.00500000  0.00000000 -0.00500000  0.00500000  0.00000000   -114.529522294109
 -0.00500000 -0.00500000  0.00000000  0.00000000 -0.01000000  0.00000000   -114.529521949970
 -0.00500000 -0.00500000  0.00000000  0.00000000  0.00000000 -0.01000000   -114.529540357453
 -0.00500000 -0.00500000  0.00000000  0.00000000  0.00000000  0.00000000   -114.529538441007
 -0.00500000 -0.00500000  0.00000000  0.00000000  0.00000000  0.01000000   -114.529543119306
 -0.00500000 -0.00500000  0.00000000  0.00000000  0.01000000  0.00000000   -114.529538441007
 -0.00500000 -0.00500000  0.00000000  0.00500000 -0.00500000  0.00000000   -114.529540357453
 -0.00500000 -0.00500000  0.00000000  0.00500000  0.00500000  0.00000000   -114.529521949970
 -0.00500000 -0.00500000  0.00000000  0.01000000  0.00000000  0.00000000   -114.529522294110
 -0.00500000 -0.00500000  0.00500000  0.00000000  0.00000000  0.00000000   -114.529461885361
 -0.00500000 -0.00500000  0.01000000  0.00000000  0.00000000  0.00000000   -114.529501813670
 -0.00500000  0.00000000 -0.01500000  0.00000000  0.00000000  0.00000000   -114.529399873402
 -0.00500000  0.00000000 -0.01000000  0.00000000  0.00000000  0.00000000   -114.529294348843
 -0.00500000  0.00000000 -0.00500000 -0.01000000  0.00000000  0.00000000   -114.529437985929
 -0.00500000  0.00000000 -0.00500000 -0.00500000 -0.00500000  0.00000000   -114.529451866893
 -0.00500000  0.00000000 -0.00500000 -0.00500000  0.00500000  0.00000000   -114.529511161327
 -0.00500000  0.00000000 -0.00500000  0.00000000 -0.01000000  0.00000000   -114.529510860134
 -0.00500000  0.00000000 -0.00500000  0.00000000  0.00000000 -0.01000000   -114.529528865782
 -0.00500000  0.00000000 -0.00500000  0.00000000  0.00000000  0.00000000   -114.529528752611
 -0.00500000  0.00000000 -0.00500000  0.00000000  0.00000000  0.01000000   -114.529531651849
 -0.00500000  0.00000000 -0.00500000  0.00000000  0.01000000  0.00000000   -114.529528752611
 -0.00500000  0.00000000 -0.00500000  0.00500000 -0.00500000  0.00000000   -114.529528865781
 -0.00500000  0.00000000 -0.00500000  0.00500000  0.00500000  0.00000000   -114.529510860134
 -0.00500000  0.00000000 -0.00500000  0.01000000  0.00000000  0.00000000   -114.529511161327
 -0.00500000  0.00000000  0.00000000 -0.01000000  0.00000000  0.00000000   -114.529451866893
 -0.00500000  0.00000000  0.00000000 -0.00500000 -0.00500000  0.00000000   -114.529492670400
 -0.00500000  0.00000000  0.00000000 -0.00500000  0.00500000  0.00000000   -114.529551917876
 -0.00500000  0.00000000  0.00000000  0.00000000 -0.01000000  0.00000000   -114.529551574329
 -0.00500000  0.00000000  0.00000000  0.00000000  0.00000000 -0.01000000   -114.529569609059
 -0.00500000  0.00000000  0.00000000  0.00000000  0.00000000  0.00000000   -114.529568257258
 -0.00500000  0.00000000  0.00000000  0.00000000  0.00000000  0.01000000   -114.529572349179
 -0.00500000  0.00000000  0.00000000  0.00000000  0.01000000  0.00000000   -114.529568257258
 -0.00500000  0.00000000  0.00000000  0.00500000 -0.00500000  0.00000000   -114.529569609059
 -0.00500000  0.00000000  0.00000000  0.00500000  0.00500000  0.00000000   -114.529551574329
 -0.00500000  0.00000000  0.00000000  0.01000000  0.00000000  0.00000000   -114.529551917876
 -0.00500000  0.00000000  0.00500000 -0.01000000  0.00000000  0.00000000   -114.529492670400
 -0.00500000  0.00000000  0.00500000 -0.00500000 -0.00500000  0.00000000   -114.529477374459
 -0.00500000  0.00000000  0.00500000 -0.00500000  0.00500000  0.00000000   -114.529536561362
 -0.00500000  0.00000000  0.00500000  0.00000000 -0.01000000  0.00000000   -114.529536174747
 -0.00500000  0.00000000  0.00500000  0.00000000  0.00000000 -0.01000000   -114.529554234699
 -0.00500000  0.00000000  0.00500000  0.00000000  0.00000000  0.00000000   -114.529551552861
 -0.00500000  0.00000000  0.00500000  0.00000000  0.00000000  0.01000000   -114.529556928212
 -0.00500000  0.00000000  0.00500000  0.00000000  0.01000000  0.00000000   -114.529551552861
 -0.00500000  0.00000000  0.00500000  0.00500000 -0.00500000  0.00000000   -114.529554234700
 -0.00500000  0.00000000  0.00500000  0.00500000  0.00500000  0.00000000   -114.529536174747
 -0.00500000  0.00000000  0.00500000  0.01000000  0.00000000  0.00000000   -114.529536561362
 -0.00500000  0.00000000  0.01000000  0.00000000  0.00000000  0.00000000   -114.529477374459
 -0.00500000  0.00000000  0.01500000  0.00000000  0.00000000  0.00000000   -114.529482079668
 -0.00500000  0.00500000 -0.01000000  0.00000000  0.00000000  0.00000000   -114.529344327043
 -0.00500000  0.00500000 -0.00500000  0.00000000  0.00000000  0.00000000   -114.529371919168
 -0.00500000  0.00500000  0.00000000 -0.01000000  0.00000000  0.00000000   -114.529488794008
 -0.00500000  0.00500000  0.00000000 -0.00500000 -0.00500000  0.00000000   -114.529475660027
 -0.00500000  0.00500000  0.00000000 -0.00500000  0.00500000  0.00000000   -114.529533766423
 -0.00500000  0.00500000  0.00000000  0.00000000 -0.01000000  0.00000000   -114.529533423490
 -0.00500000  0.00500000  0.00000000  0.00000000  0.00000000 -0.01000000   -114.529551092127
 -0.00500000  0.00500000  0.00000000  0.00000000  0.00000000  0.00000000   -114.529550295958
 -0.00500000  0.00500000  0.00000000  0.00000000  0.00000000  0.01000000   -114.529553810608
 -0.00500000  0.00500000  0.00000000  0.00000000  0.01000000  0.00000000   -114.529550295958
 -0.00500000  0.00500000  0.00000000  0.00500000 -0.00500000  0.00000000   -114.529551092127
 -0.00500000  0.00500000  0.00000000  0.00500000  0.00500000  0.00000000   -114.529533423491
 -0.00500000  0.00500000  0.00000000  0.01000000  0.00000000  0.00000000   -114.529533766423
 -0.00500000  0.00500000  0.00500000  0.00000000  0.00000000  0.00000000   -114.529475660027
 -0.00500000  0.00500000  0.01000000  0.00000000  0.00000000  0.00000000   -114.529563859630
 -0.00500000  0.01000000 -0.00500000  0.00000000  0.00000000  0.00000000   -114.529515673575
 -0.00500000  0.01000000  0.00000000  0.00000000  0.00000000  0.00000000   -114.529399529349
 -0.00500000  0.01000000  0.00500000  0.00000000  0.00000000  0.00000000   -114.529488469916
 -0.00500000  0.01500000  0.00000000  0.00000000  0.00000000  0.00000000   -114.529523579600
  0.00000000 -0.02000000  0.00000000  0.00000000  0.00000000  0.00000000   -114.529377277148
  0.00000000 -0.01500000 -0.00500000  0.00000000  0.00000000  0.00000000   -114.529176912455
  0.00000000 -0.01500000  0.00000000  0.00000000  0.00000000  0.00000000   -114.529391344042
  0.00000000 -0.01500000  0.00500000  0.00000000  0.00000000  0.00000000   -114.529354775609
  0.00000000 -0.01000000 -0.01000000  0.00000000  0.00000000  0.00000000   -114.529258544116
  0.00000000 -0.01000000 -0.00500000  0.00000000  0.00000000  0.00000000   -114.529448686153
  0.00000000 -0.01000000  0.00000000 -0.01000000  0.00000000  0.00000000   -114.529492906647
  0.00000000 -0.01000000  0.00000000 -0.00500000 -0.00500000  0.00000000   -114.529399072800
  0.00000000 -0.01000000  0.00000000 -0.00500000  0.00500000  0.00000000   -114.529460674542
  0.00000000 -0.01000000  0.00000000  0.00000000 -0.01000000  0.00000000   -114.529460306001
  0.00000000 -0.01000000  0.00000000  0.00000000  0.00000000 -0.01000000   -114.529479103350
  0.00000000 -0.01000000  0.00000000  0.00000000  0.00000000  0.00000000   -114.529476578413
  0.00000000 -0.01000000  0.00000000  0.00000000  0.00000000  0.01000000   -114.529481889025
  0.00000000 -0.01000000  0.00000000  0.00000000  0.01000000  0.00000000   -114.529476578412
  0.00000000 -0.01000000  0.00000000  0.00500000 -0.00500000  0.00000000   -114.529479103351
  0.00000000 -0.01000000  0.00000000  0.00500000  0.00500000  0.00000000   -114.529460306001
  0.00000000 -0.01000000  0.00000000  0.01000000  0.00000000  0.00000000   -114.529460674542
  0.00000000 -0.01000000  0.00500000  0.00000000  0.00000000  0.00000000   -114.529399072800
  0.00000000 -0.01000000  0.01000000  0.00000000  0.00000000  0.00000000   -114.529412401764
  0.00000000 -0.00500000 -0.01500000  0.00000000  0.00000000  0.00000000   -114.529281050915
  0.00000000 -0.00500000 -0.01000000  0.00000000  0.00000000  0.00000000   -114.529357639914
  0.00000000 -0.00500000 -0.00500000 -0.01000000  0.00000000  0.00000000   -114.529476925546
  0.00000000 -0.00500000 -0.00500000 -0.00500000 -0.00500000  0.00000000   -114.529463800189
  0.00000000 -0.00500000 -0.00500000 -0.00500000  0.00500000  0.00000000   -114.529524272434
  0.00000000 -0.00500000 -0.00500000  0.00000000 -0.01000000  0.00000000   -114.529523947532
  0.00000000 -0.00500000 -0.00500000  0.00000000  0.00000000 -0.01000000   -114.529542337743
  0.00000000 -0.00500000 -0.00500000  0.00000000  0.00000000  0.00000000   -114.529541655427
  0.00000000 -0.00500000 -0.00500000  0.00000000  0.00000000  0.01000000   -114.529545147651
  0.00000000 -0.00500000 -0.00500000  0.00000000  0.01000000  0.00000000   -114.529541655427
  0.00000000 -0.00500000 -0.00500000  0.00500000 -0.00500000  0.00000000   -114.529542337743
  0.00000000 -0.00500000 -0.00500000  0.00500000  0.00500000  0.00000000   -114.529523947532
  0.00000000 -0.00500000 -0.00500000  0.01000000  0.00000000  0.00000000   -114.529524272434
  0.00000000 -0.00500000  0.00000000 -0.01000000  0.00000000  0.00000000   -114.529463800189
  0.00000000 -0.00500000  0.00000000 -0.00500000 -0.00500000  0.00000000   -114.529478035537
  0.00000000 -0.00500000  0.00000000 -0.00500000  0.00500000  0.00000000   -114.529538455645
  0.00000000 -0.00500000  0.00000000  0.00000000 -0.01000000  0.00000000   -114.529538087810
  0.00000000 -0.00500000  0.00000000  0.00000000  0.00000000 -0.01000000   -114.529556505648
  0.00000000 -0.00500000  0.00000000  0.00000000  0.00000000  0.00000000   -114.529554554718
  0.00000000 -0.00500000  0.00000000  0.00000000  0.00000000  0.01000000   -114.529559269491
  0.00000000 -0.00500000  0.00000000  0.00000000  0.01000000  0.00000000   -114.529554554718
  0.00000000 -0.00500000  0.00000000  0.00500000 -0.00500000  0.00000000   -114.529556505648
  0.00000000 -0.00500000  0.00000000  0.00500000  0.00500000  0.00000000   -114.529538087809
  0.00000000 -0.00500000  0.00000000  0.01000000  0.00000000  0.00000000   -114.529538455645
  0.00000000 -0.00500000  0.00500000 -0.01000000  0.00000000  0.00000000   -114.529478035537
  0.00000000 -0.00500000  0.00500000 -0.00500000 -0.00500000  0.00000000   -114.529434999615
  0.00000000 -0.00500000  0.00500000 -0.00500000  0.00500000  0.00000000   -114.529495353594
  0.00000000 -0.00500000  0.00500000  0.00000000 -0.01000000  0.00000000   -114.529494942092
  0.00000000 -0.00500000  0.00500000  0.00000000  0.00000000 -0.01000000   -114.529513383581
  0.00000000 -0.00500000  0.00500000  0.00000000  0.00000000  0.00000000   -114.529510071258
  0.00000000 -0.00500000  0.00500000  0.00000000  0.00000000  0.01000000   -114.529516100694
  0.00000000 -0.00500000  0.00500000  0.00000000  0.01000000  0.00000000   -114.529510071258
  0.00000000 -0.00500000  0.00500000  0.00500000 -0.00500000  0.00000000   -114.529513383581
  0.00000000 -0.00500000  0.00500000  0.00500000  0.00500000  0.00000000   -114.529494942092
  0.00000000 -0.00500000  0.00500000  0.01000000  0.00000000  0.00000000   -114.529495353594
  0.00000000 -0.00500000  0.01000000  0.00000000  0.00000000  0.00000000   -114.529434999615
  0.00000000 -0.00500000  0.01500000  0.00000000  0.00000000  0.00000000   -114.529412289910
  0.00000000  0.00000000 -0.02000000  0.00000000  0.00000000  0.00000000   -114.529244317081
  0.00000000  0.00000000 -0.01500000  0.00000000  0.00000000  0.00000000   -114.529126481575
  0.00000000  0.00000000 -0.01000000 -0.01000000  0.00000000  0.00000000   -114.529315419113
  0.00000000  0.00000000 -0.01000000 -0.00500000 -0.00500000  0.00000000   -114.529377354687
  0.00000000  0.00000000 -0.01000000 -0.00500000  0.00500000  0.00000000   -114.529436695654
  0.00000000  0.00000000 -0.01000000  0.00000000 -0.01000000  0.00000000   -114.529436412796
  0.00000000  0.00000000 -0.01000000  0.00000000  0.00000000 -0.01000000   -114.529454396323
  0.00000000  0.00000000 -0.01000000  0.00000000  0.00000000  0.00000000   -114.529455402477
  0.00000000  0.00000000 -0.01000000  0.00000000  0.00000000  0.01000000   -114.529457229688
  0.00000000  0.00000000 -0.01000000  0.00000000  0.01000000  0.00000000   -114.529455402477
  0.00000000  0.00000000 -0.01000000  0.00500000 -0.00500000  0.00000000   -114.529454396323
  0.00000000  0.00000000 -0.01000000  0.00500000  0.00500000  0.00000000   -114.529436412796
  0.00000000  0.00000000 -0.01000000  0.01000000  0.00000000  0.00000000   -114.529436695655
  0.00000000  0.00000000 -0.00500000 -0.01000000  0.00000000  0.00000000   -114.529377354686
  0.00000000  0.00000000 -0.00500000 -0.00500000 -0.00500000  0.00000000   -114.529469275555
  0.00000000  0.00000000 -0.00500000 -0.00500000  0.00500000  0.00000000   -114.529528581807
  0.00000000  0.00000000 -0.00500000  0.00000000 -0.01000000  0.00000000   -114.529528257177
  0.00000000  0.00000000 -0.00500000  0.00000000  0.00000000 -0.01000000   -114.529546273247
  0.00000000  0.00000000 -0.00500000  0.00000000  0.00000000  0.00000000   -114.529546126312
  0.00000000  0.00000000 -0.00500000  0.00000000  0.00000000  0.01000000   -114.529549061305
  0.00000000  0.00000000 -0.00500000  0.00000000  0.01000000  0.00000000   -114.529546126312
  0.00000000  0.00000000 -0.00500000  0.00500000 -0.00500000  0.00000000   -114.529546273246
  0.00000000  0.00000000 -0.00500000  0.00500000  0.00500000  0.00000000   -114.529528257178
  0.00000000  0.00000000 -0.00500000  0.01000000  0.00000000  0.00000000   -114.529528581807
  0.00000000  0.00000000  0.00000000 -0.02000000  0.00000000  0.00000000   -114.529469275555
  0.00000000  0.00000000  0.00000000 -0.01500000 -0.00500000  0.00000000   -114.529269093587
  0.00000000  0.00000000  0.00000000 -0.01500000  0.00500000  0.00000000   -114.529408476801
  0.00000000  0.00000000  0.00000000 -0.01000000 -0.01000000  0.00000000   -114.529407379162
  0.00000000  0.00000000  0.00000000 -0.01000000  0.00000000 -0.01000000   -114.529506228289
  0.00000000  0.00000000  0.00000000 -0.01000000  0.00000000  0.00000000   -114.529504111991
  0.00000000  0.00000000  0.00000000 -0.01000000  0.00000000  0.01000000   -114.529508237511
  0.00000000  0.00000000  0.00000000 -0.01000000  0.01000000  0.00000000   -114.529504111991
  0.00000000  0.00000000  0.00000000 -0.00500000 -0.01500000  0.00000000   -114.529504762052
  0.00000000  0.00000000  0.00000000 -0.00500000 -0.00500000 -0.01000000   -114.529562378971
  0.00000000  0.00000000  0.00000000 -0.00500000 -0.00500000  0.00000000   -114.529563369586
  0.00000000  0.00000000  0.00000000 -0.00500000 -0.00500000  0.01000000   -114.529567496517
  0.00000000  0.00000000  0.00000000 -0.00500000  0.00500000 -0.01000000   -114.529563369586
  0.00000000  0.00000000  0.00000000 -0.00500000  0.00500000  0.00000000   -114.529563001453
  0.00000000  0.00000000  0.00000000 -0.00500000  0.00500000  0.01000000   -114.529567129414
  0.00000000  0.00000000  0.00000000 -0.00500000  0.01500000  0.00000000   -114.529563001453
  0.00000000  0.00000000  0.00000000  0.00000000 -0.02000000  0.00000000   -114.529561278345
  0.00000000  0.00000000  0.00000000  0.00000000 -0.01000000 -0.01000000   -114.529576948277
  0.00000000  0.00000000  0.00000000  0.00000000 -0.01000000  0.00000000   -114.529581046577
  0.00000000  0.00000000  0.00000000  0.00000000 -0.01000000  0.01000000   -114.529585174516
  0.00000000  0.00000000  0.00000000  0.00000000  0.00000000 -0.02000000   -114.529581046577
  0.00000000  0.00000000  0.00000000  0.00000000  0.00000000 -0.01000000   -114.529571239724
  0.00000000  0.00000000  0.00000000  0.00000000  0.00000000  0.00000000   -114.529583788460
  0.00000000  0.00000000  0.00000000  0.00000000  0.00000000  0.01000000   -114.529583788460
  0.00000000  0.00000000  0.00000000  0.00000000  0.00000000  0.02000000   -114.529571239724
  0.00000000  0.00000000  0.00000000  0.00000000  0.01000000 -0.01000000   -114.529581046576
  0.00000000  0.00000000  0.00000000  0.00000000  0.01000000  0.00000000   -114.529585174516
  0.00000000  0.00000000  0.00000000  0.00000000  0.01000000  0.01000000   -114.529581046576
  0.00000000  0.00000000  0.00000000  0.00000000  0.02000000  0.00000000   -114.529576948277
  0.00000000  0.00000000  0.00000000  0.00500000 -0.01500000  0.00000000   -114.529561278345
  0.00000000  0.00000000  0.00000000  0.00500000 -0.00500000 -0.01000000   -114.529563001453
  0.00000000  0.00000000  0.00000000  0.00500000 -0.00500000  0.00000000   -114.529567129414
  0.00000000  0.00000000  0.00000000  0.00500000 -0.00500000  0.01000000   -114.529563001453
  0.00000000  0.00000000  0.00000000  0.00500000  0.00500000 -0.01000000   -114.529563369585
  0.00000000  0.00000000  0.00000000  0.00500000  0.00500000  0.00000000   -114.529567496518
  0.00000000  0.00000000  0.00000000  0.00500000  0.00500000  0.01000000   -114.529563369585
  0.00000000  0.00000000  0.00000000  0.00500000  0.01500000  0.00000000   -114.529562378971
  0.00000000  0.00000000  0.00000000  0.01000000 -0.01000000  0.00000000   -114.529504762052
  0.00000000  0.00000000  0.00000000  0.01000000  0.00000000 -0.01000000   -114.529504111991
  0.00000000  0.00000000  0.00000000  0.01000000  0.00000000  0.00000000   -114.529508237511
  0.00000000  0.00000000  0.00000000  0.01000000  0.00000000  0.01000000   -114.529504111991
  0.00000000  0.00000000  0.00000000  0.01000000  0.01000000  0.00000000   -114.529506228289
  0.00000000  0.00000000  0.00000000  0.01500000 -0.00500000  0.00000000   -114.529407379162
  0.00000000  0.00000000  0.00000000  0.01500000  0.00500000  0.00000000   -114.529408476802
  0.00000000  0.00000000  0.00000000  0.02000000  0.00000000  0.00000000   -114.529269093587
  0.00000000  0.00000000  0.00500000 -0.01000000  0.00000000  0.00000000   -114.529491092412
  0.00000000  0.00000000  0.00500000 -0.00500000 -0.00500000  0.00000000   -114.529550290553
  0.00000000  0.00000000  0.00500000 -0.00500000  0.00500000  0.00000000   -114.529549880255
  0.00000000  0.00000000  0.00500000  0.00000000 -0.01000000  0.00000000   -114.529567950532
  0.00000000  0.00000000  0.00500000  0.00000000  0.00000000 -0.01000000   -114.529565233941
  0.00000000  0.00000000  0.00500000  0.00000000  0.00000000  0.00000000   -114.529570646016
  0.00000000  0.00000000  0.00500000  0.00000000  0.00000000  0.01000000   -114.529565233941
  0.00000000  0.00000000  0.00500000  0.00000000  0.01000000  0.00000000   -114.529567950532
  0.00000000  0.00000000  0.00500000  0.00500000 -0.00500000  0.00000000   -114.529549880255
  0.00000000  0.00000000  0.00500000  0.00500000  0.00500000  0.00000000   -114.529550290553
  0.00000000  0.00000000  0.00500000  0.01000000  0.00000000  0.00000000   -114.529491092412
  0.00000000  0.00000000  0.01000000 -0.01000000  0.00000000  0.00000000   -114.529414532650
  0.00000000  0.00000000  0.01000000 -0.00500000 -0.00500000  0.00000000   -114.529473655152
  0.00000000  0.00000000  0.01000000 -0.00500000  0.00500000  0.00000000   -114.529473200922
  0.00000000  0.00000000  0.01000000  0.00000000 -0.01000000  0.00000000   -114.529491292148
  0.00000000  0.00000000  0.01000000  0.00000000  0.00000000 -0.01000000   -114.529487147911
  0.00000000  0.00000000  0.01000000  0.00000000  0.00000000  0.00000000   -114.529493940331
  0.00000000  0.00000000  0.01000000  0.00000000  0.00000000  0.01000000   -114.529487147911
  0.00000000  0.00000000  0.01000000  0.00000000  0.01000000  0.00000000   -114.529491292148
  0.00000000  0.00000000  0.01000000  0.00500000 -0.00500000  0.00000000   -114.529473200922
  0.00000000  0.00000000  0.01000000  0.00500000  0.00500000  0.00000000   -114.529473655153
  0.00000000  0.00000000  0.01000000  0.01000000  0.00000000  0.00000000   -114.529414532650
  0.00000000  0.00000000  0.01500000  0.00000000  0.00000000  0.00000000   -114.529354323188
  0.00000000  0.00000000  0.02000000  0.00000000  0.00000000  0.00000000   -114.529148142916
  0.00000000  0.00500000 -0.01500000  0.00000000  0.00000000  0.00000000   -114.529226608899
  0.00000000  0.00500000 -0.01000000  0.00000000  0.00000000  0.00000000   -114.529390570870
  0.00000000  0.00500000 -0.00500000 -0.01000000  0.00000000  0.00000000   -114.529427373863
  0.00000000  0.00500000 -0.00500000 -0.00500000 -0.00500000  0.00000000   -114.529485534460
  0.00000000  0.00500000 -0.00500000 -0.00500000  0.00500000  0.00000000   -114.529485210125
  0.00000000  0.00500000 -0.00500000  0.00000000 -0.01000000  0.00000000   -114.529502858760
  0.00000000  0.00500000 -0.00500000  0.00000000  0.00000000 -0.01000000   -114.529503238565
  0.00000000  0.00500000 -0.00500000  0.00000000  0.00000000  0.00000000   -114.529505625065
  0.00000000  0.00500000 -0.00500000  0.00000000  0.00000000  0.01000000   -114.529503238565
  0.00000000  0.00500000 -0.00500000  0.00000000  0.01000000  0.00000000   -114.529502858760
  0.00000000  0.00500000 -0.00500000  0.00500000 -0.00500000  0.00000000   -114.529485210125
  0.00000000  0.00500000 -0.00500000  0.00500000  0.00500000  0.00000000   -114.529485534460
  0.00000000  0.00500000 -0.00500000  0.01000000  0.00000000  0.00000000   -114.529427373863
  0.00000000  0.00500000  0.00000000 -0.01000000  0.00000000  0.00000000   -114.529490661933
  0.00000000  0.00500000  0.00000000 -0.00500000 -0.00500000  0.00000000   -114.529548780024
  0.00000000  0.00500000  0.00000000 -0.00500000  0.00500000  0.00000000   -114.529548413675
  0.00000000  0.00500000  0.00000000  0.00000000 -0.01000000  0.00000000   -114.529566092697
  0.00000000  0.00500000  0.00000000  0.00000000  0.00000000 -0.01000000   -114.529565262500
  0.00000000  0.00500000  0.00000000  0.00000000  0.00000000  0.00000000   -114.529568813156
  0.00000000  0.00500000  0.00000000  0.00000000  0.00000000  0.01000000   -114.529565262500
  0.00000000  0.00500000  0.00000000  0.00000000  0.01000000  0.00000000   -114.529566092697
  0.00000000  0.00500000  0.00000000  0.00500000 -0.00500000  0.00000000   -114.529548413675
  0.00000000  0.00500000  0.00000000  0.00500000  0.00500000  0.00000000   -114.529548780024
  0.00000000  0.00500000  0.00000000  0.01000000  0.00000000  0.00000000   -114.529490661933
  0.00000000  0.00500000  0.00500000 -0.01000000  0.00000000  0.00000000   -114.529498993016
  0.00000000  0.00500000  0.00500000 -0.00500000 -0.00500000  0.00000000   -114.529557055351
  0.00000000  0.00500000  0.00500000 -0.00500000  0.00500000  0.00000000   -114.529556646281
  0.00000000  0.00500000  0.00500000  0.00000000 -0.01000000  0.00000000   -114.529574351948
  0.00000000  0.00500000  0.00500000  0.00000000  0.00000000 -0.01000000   -114.529572221687
  0.00000000  0.00500000  0.00500000  0.00000000  0.00000000  0.00000000   -114.529577025899
  0.00000000  0.00500000  0.00500000  0.00000000  0.00000000  0.01000000   -114.529572221687
  0.00000000  0.00500000  0.00500000  0.00000000  0.01000000  0.00000000   -114.529574351948
  0.00000000  0.00500000  0.00500000  0.00500000 -0.00500000  0.00000000   -114.529556646281
  0.00000000  0.00500000  0.00500000  0.00500000  0.00500000  0.00000000   -114.529557055351
  0.00000000  0.00500000  0.00500000  0.01000000  0.00000000  0.00000000   -114.529498993015
  0.00000000  0.00500000  0.01000000  0.00000000  0.00000000  0.00000000   -114.529526995906
  0.00000000  0.00500000  0.01500000  0.00000000  0.00000000  0.00000000   -114.529415290057
  0.00000000  0.01000000 -0.01000000  0.00000000  0.00000000  0.00000000   -114.529277904954
  0.00000000  0.01000000 -0.00500000  0.00000000  0.00000000  0.00000000   -114.529415799886
  0.00000000  0.01000000  0.00000000 -0.01000000  0.00000000  0.00000000   -114.529426275436
  0.00000000  0.01000000  0.00000000 -0.00500000 -0.00500000  0.00000000   -114.529483272459
  0.00000000  0.01000000  0.00000000 -0.00500000  0.00500000  0.00000000   -114.529482906884
  0.00000000  0.01000000  0.00000000  0.00000000 -0.01000000  0.00000000   -114.529500226371
  0.00000000  0.01000000  0.00000000  0.00000000  0.00000000 -0.01000000   -114.529499943132
  0.00000000  0.01000000  0.00000000  0.00000000  0.00000000  0.00000000   -114.529502925279
  0.00000000  0.01000000  0.00000000  0.00000000  0.00000000  0.01000000   -114.529499943132
  0.00000000  0.01000000  0.00000000  0.00000000  0.01000000  0.00000000   -114.529500226371
  0.00000000  0.01000000  0.00000000  0.00500000 -0.00500000  0.00000000   -114.529482906885
  0.00000000  0.01000000  0.00000000  0.00500000  0.00500000  0.00000000   -114.529483272459
  0.00000000  0.01000000  0.00000000  0.01000000  0.00000000  0.00000000   -114.529426275436
  0.00000000  0.01000000  0.00500000  0.00000000  0.00000000  0.00000000   -114.529536211872
  0.00000000  0.01000000  0.01000000  0.00000000  0.00000000  0.00000000   -114.529512433651
  0.00000000  0.01500000 -0.00500000  0.00000000  0.00000000  0.00000000   -114.529280530519
  0.00000000  0.01500000  0.00000000  0.00000000  0.00000000  0.00000000   -114.529391202897
  0.00000000  0.01500000  0.00500000  0.00000000  0.00000000  0.00000000   -114.529449159122
  0.00000000  0.02000000  0.00000000  0.00000000  0.00000000  0.00000000   -114.529234579934
  0.00500000 -0.01500000  0.00000000  0.00000000  0.00000000  0.00000000   -114.529341418945
  0.00500000 -0.01000000 -0.00500000  0.00000000  0.00000000  0.00000000   -114.529480807146
  0.00500000 -0.01000000  0.00000000  0.00000000  0.00000000  0.00000000   -114.529467899909
  0.00500000 -0.01000000  0.00500000  0.00000000  0.00000000  0.00000000   -114.529396515643
  0.00500000 -0.00500000 -0.01000000  0.00000000  0.00000000  0.00000000   -114.529466066025
  0.00500000 -0.00500000 -0.00500000  0.00000000  0.00000000  0.00000000   -114.529532420060
  0.00500000 -0.00500000  0.00000000 -0.01000000  0.00000000  0.00000000   -114.529463432759
  0.00500000 -0.00500000  0.00000000 -0.00500000 -0.00500000  0.00000000   -114.529523863909
  0.00500000 -0.00500000  0.00000000 -0.00500000  0.00500000  0.00000000   -114.529523472232
  0.00500000 -0.00500000  0.00000000  0.00000000 -0.01000000  0.00000000   -114.529541900393
  0.00500000 -0.00500000  0.00000000  0.00000000  0.00000000 -0.01000000   -114.529539914543
  0.00500000 -0.00500000  0.00000000  0.00000000  0.00000000  0.00000000   -114.529544666193
  0.00500000 -0.00500000  0.00000000  0.00000000  0.00000000  0.01000000   -114.529539914543
  0.00500000 -0.00500000  0.00000000  0.00000000  0.01000000  0.00000000   -114.529541900393
  0.00500000 -0.00500000  0.00000000  0.00500000 -0.00500000  0.00000000   -114.529523472232
  0.00500000 -0.00500000  0.00000000  0.00500000  0.00500000  0.00000000   -114.529523863909
  0.00500000 -0.00500000  0.00000000  0.01000000  0.00000000  0.00000000   -114.529463432759
  0.00500000 -0.00500000  0.00500000  0.00000000  0.00000000  0.00000000   -114.529499614148
  0.00500000 -0.00500000  0.01000000  0.00000000  0.00000000  0.00000000   -114.529393912690
  0.00500000  0.00000000 -0.01500000  0.00000000  0.00000000  0.00000000   -114.529305782222
  0.00500000  0.00000000 -0.01000000  0.00000000  0.00000000  0.00000000   -114.529445746484
  0.00500000  0.00000000 -0.00500000 -0.01000000  0.00000000  0.00000000   -114.529455937885
  0.00500000  0.00000000 -0.00500000 -0.00500000 -0.00500000  0.00000000   -114.529515255652
  0.00500000  0.00000000 -0.00500000 -0.00500000  0.00500000  0.00000000   -114.529514907444
  0.00500000  0.00000000 -0.00500000  0.00000000 -0.01000000  0.00000000   -114.529532933904
  0.00500000  0.00000000 -0.00500000  0.00000000  0.00000000 -0.01000000   -114.529532752776
  0.00500000  0.00000000 -0.00500000  0.00000000  0.00000000  0.00000000   -114.529535723921
  0.00500000  0.00000000 -0.00500000  0.00000000  0.00000000  0.01000000   -114.529532752776
  0.00500000  0.00000000 -0.00500000  0.00000000  0.01000000  0.00000000   -114.529532933904
  0.00500000  0.00000000 -0.00500000  0.00500000 -0.00500000  0.00000000   -114.529514907444
  0.00500000  0.00000000 -0.00500000  0.00500000  0.00500000  0.00000000   -114.529515255652
  0.00500000  0.00000000 -0.00500000  0.01000000  0.00000000  0.00000000   -114.529455937884
  0.00500000  0.00000000  0.00000000 -0.01000000  0.00000000  0.00000000   -114.529493038348
  0.00500000  0.00000000  0.00000000 -0.00500000 -0.00500000  0.00000000   -114.529552308576
  0.00500000  0.00000000  0.00000000 -0.00500000  0.00500000  0.00000000   -114.529551917770
  0.00500000  0.00000000  0.00000000  0.00000000 -0.01000000  0.00000000   -114.529569973210
  0.00500000  0.00000000  0.00000000  0.00000000  0.00000000 -0.01000000   -114.529568552466
  0.00500000  0.00000000  0.00000000  0.00000000  0.00000000  0.00000000   -114.529572717266
  0.00500000  0.00000000  0.00000000  0.00000000  0.00000000  0.01000000   -114.529568552466
  0.00500000  0.00000000  0.00000000  0.00000000  0.01000000  0.00000000   -114.529569973210
  0.00500000  0.00000000  0.00000000  0.00500000 -0.00500000  0.00000000   -114.529551917770
  0.00500000  0.00000000  0.00000000  0.00500000  0.00500000  0.00000000   -114.529552308576
  0.00500000  0.00000000  0.00000000  0.01000000  0.00000000  0.00000000   -114.529493038348
  0.00500000  0.00000000  0.00500000 -0.01000000  0.00000000  0.00000000   -114.529474024073
  0.00500000  0.00000000  0.00500000 -0.00500000 -0.00500000  0.00000000   -114.529533233140
  0.00500000  0.00000000  0.00500000 -0.00500000  0.00500000  0.00000000   -114.529532799008
  0.00500000  0.00000000  0.00500000  0.00000000 -0.01000000  0.00000000   -114.529550879574
  0.00500000  0.00000000  0.00500000  0.00000000  0.00000000 -0.01000000   -114.529548127795
  0.00500000  0.00000000  0.00500000  0.00000000  0.00000000  0.00000000   -114.529553577001
  0.00500000  0.00000000  0.00500000  0.00000000  0.00000000  0.01000000   -114.529548127795
  0.00500000  0.00000000  0.00500000  0.00000000  0.01000000  0.00000000   -114.529550879574
  0.00500000  0.00000000  0.00500000  0.00500000 -0.00500000  0.00000000   -114.529532799008
  0.00500000  0.00000000  0.00500000  0.00500000  0.00500000  0.00000000   -114.529533233140
  0.00500000  0.00000000  0.00500000  0.01000000  0.00000000  0.00000000   -114.529474024074
  0.00500000  0.00000000  0.01000000  0.00000000  0.00000000  0.00000000   -114.529474994073
  0.00500000  0.00000000  0.01500000  0.00000000  0.00000000  0.00000000   -114.529333492238
  0.00500000  0.00500000 -0.01000000  0.00000000  0.00000000  0.00000000   -114.529378482310
  0.00500000  0.00500000 -0.00500000  0.00000000  0.00000000  0.00000000   -114.529491696043
  0.00500000  0.00500000  0.00000000 -0.01000000  0.00000000  0.00000000   -114.529474884377
  0.00500000  0.00500000  0.00000000 -0.00500000 -0.00500000  0.00000000   -114.529533013864
  0.00500000  0.00500000  0.00000000 -0.00500000  0.00500000  0.00000000   -114.529532623953
  0.00500000  0.00500000  0.00000000  0.00000000 -0.01000000  0.00000000   -114.529550313327
  0.00500000  0.00500000  0.00000000  0.00000000  0.00000000 -0.01000000   -114.529549448669
  0.00500000  0.00500000  0.00000000  0.00000000  0.00000000  0.00000000   -114.529553035733
  0.00500000  0.00500000  0.00000000  0.00000000  0.00000000  0.01000000   -114.529549448669
  0.00500000  0.00500000  0.00000000  0.00000000  0.01000000  0.00000000   -114.529550313327
  0.00500000  0.00500000  0.00000000  0.00500000 -0.00500000  0.00000000   -114.529532623953
  0.00500000  0.00500000  0.00000000  0.00500000  0.00500000  0.00000000   -114.529533013864
  0.00500000  0.00500000  0.00000000  0.01000000  0.00000000  0.00000000   -114.529474884377
  0.00500000  0.00500000  0.00500000  0.00000000  0.00000000  0.00000000   -114.529559392229
  0.00500000  0.00500000  0.01000000  0.00000000  0.00000000  0.00000000   -114.529507498257
  0.00500000  0.01000000 -0.00500000  0.00000000  0.00000000  0.00000000   -114.529401297240
  0.00500000  0.01000000  0.00000000  0.00000000  0.00000000  0.00000000   -114.529486587632
  0.00500000  0.01000000  0.00500000  0.00000000  0.00000000  0.00000000   -114.529518031225
  0.00500000  0.01500000  0.00000000  0.00000000  0.00000000  0.00000000   -114.529374322728
  0.01000000 -0.01000000  0.00000000  0.00000000  0.00000000  0.00000000   -114.529424097404
  0.01000000 -0.00500000 -0.00500000  0.00000000  0.00000000  0.00000000   -114.529489885848
  0.01000000 -0.00500000  0.00000000  0.00000000  0.00000000  0.00000000   -114.529500236243
  0.01000000 -0.00500000  0.00500000  0.00000000  0.00000000  0.00000000   -114.529453280849
  0.01000000  0.00000000 -0.01000000  0.00000000  0.00000000  0.00000000   -114.529404463368
  0.01000000  0.00000000 -0.00500000  0.00000000  0.00000000  0.00000000   -114.529492566727
  0.01000000  0.00000000  0.00000000 -0.01000000  0.00000000  0.00000000   -114.529447999934
  0.01000000  0.00000000  0.00000000 -0.00500000 -0.00500000  0.00000000   -114.529507281066
  0.01000000  0.00000000  0.00000000 -0.00500000  0.00500000  0.00000000   -114.529506866413
  0.01000000  0.00000000  0.00000000  0.00000000 -0.01000000  0.00000000   -114.529524932157
  0.01000000  0.00000000  0.00000000  0.00000000  0.00000000 -0.01000000   -114.529523476290
  0.01000000  0.00000000  0.00000000  0.00000000  0.00000000  0.00000000   -114.529527678131
  0.01000000  0.00000000  0.00000000  0.00000000  0.00000000  0.01000000   -114.529523476290
  0.01000000  0.00000000  0.00000000  0.00000000  0.01000000  0.00000000   -114.529524932157
  0.01000000  0.00000000  0.00000000  0.00500000 -0.00500000  0.00000000   -114.529506866413
  0.01000000  0.00000000  0.00000000  0.00500000  0.00500000  0.00000000   -114.529507281066
  0.01000000  0.00000000  0.00000000  0.01000000  0.00000000  0.00000000   -114.529447999934
  0.01000000  0.00000000  0.00500000  0.00000000  0.00000000  0.00000000   -114.529506648159
  0.01000000  0.00000000  0.01000000  0.00000000  0.00000000  0.00000000   -114.529426167873
  0.01000000  0.00500000 -0.00500000  0.00000000  0.00000000  0.00000000   -114.529447934152
  0.01000000  0.00500000  0.00000000  0.00000000  0.00000000  0.00000000   -114.529507405528
  0.01000000  0.00500000  0.00500000  0.00000000  0.00000000  0.00000000   -114.529511885791
  0.01000000  0.01000000  0.00000000  0.00000000  0.00000000  0.00000000   -114.529440384335
  0.01500000 -0.00500000  0.00000000  0.00000000  0.00000000  0.00000000   -114.529426883119
  0.01500000  0.00000000 -0.00500000  0.00000000  0.00000000  0.00000000   -114.529420493391
  0.01500000  0.00000000  0.00000000  0.00000000  0.00000000  0.00000000   -114.529453702869
  0.01500000  0.00000000  0.00500000  0.00000000  0.00000000  0.00000000   -114.529430763132
  0.01500000  0.00500000  0.00000000  0.00000000  0.00000000  0.00000000   -114.529432826374
  0.02000000  0.00000000  0.00000000  0.00000000  0.00000000  0.00000000   -114.529351672356
UNKNOWNS
  84
FUNCTION
    0    1    0    0    2    1    0    1    0    0    0    0    0    0    3    2
    1    0    2    1    0    1    0    0    1    0    0    1    0    0    1    0
    0    1    0    0    4    3    2    1    0    3    2    1    0    2    1    0
    1    0    0    2    1    0    1    0    0    0    2    1    0    1    0    0
    0    2    1    0    1    0    0    0    0    0    2    1    0    1    0    0
    0    0    0    0
    0    0    1    0    0    1    2    0    1    0    0    0    0    0    0    1
    2    3    0    1    2    0    1    0    0    1    0    0    1    0    0    1
    0    0    1    0    0    1    2    3    4    0    1    2    3    0    1    2
    0    1    0    0    1    2    0    1    0    0    0    1    2    0    1    0
    0    0    1    2    0    1    0    0    0    0    0    1    2    0    1    0
    0    0    0    0
    0    0    0    1    0    0    0    1    1    2    0    0    0    0    0    0
    0    0    1    1    1    2    2    3    0    0    1    0    0    1    0    0
    1    0    0    1    0    0    0    0    0    1    1    1    1    2    2    2
    3    3    4    0    0    0    1    1    2    0    0    0    0    1    1    2
    0    0    0    0    1    1    2    0    0    0    0    0    0    1    1    2
    0    0    0    0
    0    0    0    0    0    0    0    0    0    0    2    1    0    0    0    0
    0    0    0    0    0    0    0    0    2    2    2    1    1    1    0    0
    0    0    0    0    0    0    0    0    0    0    0    0    0    0    0    0
    0    0    0    2    2    2    2    2    2    4    1    1    1    1    1    1
    3    0    0    0    0    0    0    2    1    0    0    0    0    0    0    0
    2    1    0    0
    0    0    0    0    0    0    0    0    0    0    0    1    2    0    0    0
    0    0    0    0    0    0    0    0    0    0    0    1    1    1    2    2
    2    0    0    0    0    0    0    0    0    0    0    0    0    0    0    0
    0    0    0    0    0    0    0    0    0    0    1    1    1    1    1    1
    1    2    2    2    2    2    2    2    3    4    0    0    0    0    0    0
    0    1    2    0
    0    0    0    0    0    0    0    0    0    0    0    0    0    2    0    0
    0    0    0    0    0    0    0    0    0    0    0    0    0    0    0    0
    0    2    2    2    0    0    0    0    0    0    0    0    0    0    0    0
    0    0    0    0    0    0    0    0    0    0    0    0    0    0    0    0
    0    0    0    0    0    0    0    0    0    0    2    2    2    2    2    2
    2    2    2    4
