  0.00000000  0.00000000  0.00000000  0.00000000  0.00000000  0.00000000      0.000000000000
 -0.02000000  0.00000000  0.00000000  0.00000000  0.00000000  0.00000000      0.000427719700
 -0.01500000 -0.00500000  0.00000000  0.00000000  0.00000000  0.00000000      0.000260727100
 -0.01500000  0.00000000 -0.00500000  0.00000000  0.00000000  0.00000000      0.000241462800
 -0.01500000  0.00000000  0.00000000 -0.00500000  0.00000000  0.00000000      0.000227163900
 -0.01500000  0.00000000  0.00000000  0.00000000 -0.00500000  0.00000000      0.000229944700
 -0.01500000  0.00000000  0.00000000  0.00000000  0.00000000  0.00000000      0.000227615300
 -0.01500000  0.00000000  0.00000000  0.00000000  0.00500000  0.00000000      0.000227134800
 -0.01500000  0.00000000  0.00000000  0.00500000  0.00000000  0.00000000      0.000231139000
 -0.01500000  0.00000000  0.00500000  0.00000000  0.00000000  0.00000000      0.000240126700
 -0.01500000  0.00500000  0.00000000  0.00000000  0.00000000  0.00000000      0.000235886300
 -0.01000000 -0.01000000  0.00000000  0.00000000  0.00000000  0.00000000      0.000185001500
 -0.01000000 -0.00500000 -0.00500000  0.00000000  0.00000000  0.00000000      0.000130424800
 -0.01000000 -0.00500000  0.00000000 -0.00500000  0.00000000  0.00000000      0.000120381300
 -0.01000000 -0.00500000  0.00000000  0.00000000 -0.00500000  0.00000000      0.000118939900
 -0.01000000 -0.00500000  0.00000000  0.00000000  0.00000000  0.00000000      0.000116697700
 -0.01000000 -0.00500000  0.00000000  0.00000000  0.00500000  0.00000000      0.000116300900
 -0.01000000 -0.00500000  0.00000000  0.00500000  0.00000000  0.00000000      0.000116072400
 -0.01000000 -0.00500000  0.00500000  0.00000000  0.00000000  0.00000000      0.000129354600
 -0.01000000  0.00000000 -0.01000000  0.00000000  0.00000000  0.00000000      0.000143996300
 -0.01000000  0.00000000 -0.00500000 -0.00500000  0.00000000  0.00000000      0.000105889400
 -0.01000000  0.00000000 -0.00500000  0.00000000 -0.00500000  0.00000000      0.000105953400
 -0.01000000  0.00000000 -0.00500000  0.00000000  0.00000000  0.00000000      0.000104018700
 -0.01000000  0.00000000 -0.00500000  0.00000000  0.00500000  0.00000000      0.000103917400
 -0.01000000  0.00000000 -0.00500000  0.00500000  0.00000000  0.00000000      0.000105223600
 -0.01000000  0.00000000  0.00000000 -0.01000000  0.00000000  0.00000000      0.000093929400
 -0.01000000  0.00000000  0.00000000 -0.00500000 -0.00500000  0.00000000      0.000093122000
 -0.01000000  0.00000000  0.00000000 -0.00500000  0.00000000  0.00000000      0.000090797400
 -0.01000000  0.00000000  0.00000000 -0.00500000  0.00500000  0.00000000      0.000090305800
 -0.01000000  0.00000000  0.00000000  0.00000000 -0.01000000  0.00000000      0.000096344300
 -0.01000000  0.00000000  0.00000000  0.00000000 -0.00500000  0.00000000      0.000092629200
 -0.01000000  0.00000000  0.00000000  0.00000000  0.00000000  0.00000000      0.000090750700
 -0.01000000  0.00000000  0.00000000  0.00000000  0.00000000  0.01000000      0.000093240400
 -0.01000000  0.00000000  0.00000000  0.00000000  0.00000000 -0.01000000      0.000093240400
 -0.01000000  0.00000000  0.00000000  0.00000000  0.00500000  0.00000000      0.000090705000
 -0.01000000  0.00000000  0.00000000  0.00000000  0.01000000  0.00000000      0.000092488600
 -0.01000000  0.00000000  0.00000000  0.00500000 -0.00500000  0.00000000      0.000095201100
 -0.01000000  0.00000000  0.00000000  0.00500000  0.00000000  0.00000000      0.000093767800
 -0.01000000  0.00000000  0.00000000  0.00500000  0.00500000  0.00000000      0.000094167000
 -0.01000000  0.00000000  0.00000000  0.01000000  0.00000000  0.00000000      0.000099827200
 -0.01000000  0.00000000  0.00500000 -0.00500000  0.00000000  0.00000000      0.000102076900
 -0.01000000  0.00000000  0.00500000  0.00000000 -0.00500000  0.00000000      0.000105662800
 -0.01000000  0.00000000  0.00500000  0.00000000  0.00000000  0.00000000      0.000103838800
 -0.01000000  0.00000000  0.00500000  0.00000000  0.00500000  0.00000000      0.000103847100
 -0.01000000  0.00000000  0.00500000  0.00500000  0.00000000  0.00000000      0.000108652800
 -0.01000000  0.00000000  0.01000000  0.00000000  0.00000000  0.00000000      0.000142929600
 -0.01000000  0.00500000 -0.00500000  0.00000000  0.00000000  0.00000000      0.000118917100
 -0.01000000  0.00500000  0.00000000 -0.00500000  0.00000000  0.00000000      0.000102537600
 -0.01000000  0.00500000  0.00000000  0.00000000 -0.00500000  0.00000000      0.000107614400
 -0.01000000  0.00500000  0.00000000  0.00000000  0.00000000  0.00000000      0.000106085500
 -0.01000000  0.00500000  0.00000000  0.00000000  0.00500000  0.00000000      0.000106376900
 -0.01000000  0.00500000  0.00000000  0.00500000  0.00000000  0.00000000      0.000112702400
 -0.01000000  0.00500000  0.00500000  0.00000000  0.00000000  0.00000000      0.000119582600
 -0.01000000  0.01000000  0.00000000  0.00000000  0.00000000  0.00000000      0.000161652800
 -0.00500000 -0.01500000  0.00000000  0.00000000  0.00000000  0.00000000      0.000199678400
 -0.00500000 -0.01000000 -0.00500000  0.00000000  0.00000000  0.00000000      0.000108900000
 -0.00500000 -0.01000000  0.00000000 -0.00500000  0.00000000  0.00000000      0.000103157300
 -0.00500000 -0.01000000  0.00000000  0.00000000 -0.00500000  0.00000000      0.000097442000
 -0.00500000 -0.01000000  0.00000000  0.00000000  0.00000000  0.00000000      0.000095273700
 -0.00500000 -0.01000000  0.00000000  0.00000000  0.00500000  0.00000000      0.000094947400
 -0.00500000 -0.01000000  0.00000000  0.00500000  0.00000000  0.00000000      0.000090433700
 -0.00500000 -0.01000000  0.00500000  0.00000000  0.00000000  0.00000000      0.000108056800
 -0.00500000 -0.00500000 -0.01000000  0.00000000  0.00000000  0.00000000      0.000087250500
 -0.00500000 -0.00500000 -0.00500000 -0.00500000  0.00000000  0.00000000      0.000053416300
 -0.00500000 -0.00500000 -0.00500000  0.00000000 -0.00500000  0.00000000      0.000049218800
 -0.00500000 -0.00500000 -0.00500000  0.00000000  0.00000000  0.00000000      0.000047370200
 -0.00500000 -0.00500000 -0.00500000  0.00000000  0.00500000  0.00000000      0.000047351700
 -0.00500000 -0.00500000 -0.00500000  0.00500000  0.00000000  0.00000000      0.000044385600
 -0.00500000 -0.00500000  0.00000000 -0.01000000  0.00000000  0.00000000      0.000045687700
 -0.00500000 -0.00500000  0.00000000 -0.00500000 -0.00500000  0.00000000      0.000040657300
 -0.00500000 -0.00500000  0.00000000 -0.00500000  0.00000000  0.00000000      0.000038420700
 -0.00500000 -0.00500000  0.00000000 -0.00500000  0.00500000  0.00000000      0.000038013800
 -0.00500000 -0.00500000  0.00000000  0.00000000 -0.01000000  0.00000000      0.000039640600
 -0.00500000 -0.00500000  0.00000000  0.00000000 -0.00500000  0.00000000      0.000036016200
 -0.00500000 -0.00500000  0.00000000  0.00000000  0.00000000  0.00000000      0.000034225000
 -0.00500000 -0.00500000  0.00000000  0.00000000  0.00000000  0.01000000      0.000036713500
 -0.00500000 -0.00500000  0.00000000  0.00000000  0.00000000 -0.01000000      0.000036713500
 -0.00500000 -0.00500000  0.00000000  0.00000000  0.00500000  0.00000000      0.000034263200
 -0.00500000 -0.00500000  0.00000000  0.00000000  0.01000000  0.00000000      0.000036127300
 -0.00500000 -0.00500000  0.00000000  0.00500000 -0.00500000  0.00000000      0.000034425600
 -0.00500000 -0.00500000  0.00000000  0.00500000  0.00000000  0.00000000      0.000033078900
 -0.00500000 -0.00500000  0.00000000  0.00500000  0.00500000  0.00000000      0.000033561200
 -0.00500000 -0.00500000  0.00000000  0.01000000  0.00000000  0.00000000      0.000034960500
 -0.00500000 -0.00500000  0.00500000 -0.00500000  0.00000000  0.00000000      0.000049821800
 -0.00500000 -0.00500000  0.00500000  0.00000000 -0.00500000  0.00000000      0.000049196500
 -0.00500000 -0.00500000  0.00500000  0.00000000  0.00000000  0.00000000      0.000047461100
 -0.00500000 -0.00500000  0.00500000  0.00000000  0.00500000  0.00000000      0.000047554500
 -0.00500000 -0.00500000  0.00500000  0.00500000  0.00000000  0.00000000      0.000048138000
 -0.00500000 -0.00500000  0.01000000  0.00000000  0.00000000  0.00000000      0.000086724400
 -0.00500000  0.00000000 -0.01500000  0.00000000  0.00000000  0.00000000      0.000133967000
 -0.00500000  0.00000000 -0.01000000 -0.00500000  0.00000000  0.00000000      0.000071733100
 -0.00500000  0.00000000 -0.01000000  0.00000000 -0.00500000  0.00000000      0.000069054200
 -0.00500000  0.00000000 -0.01000000  0.00000000  0.00000000  0.00000000      0.000067513000
 -0.00500000  0.00000000 -0.01000000  0.00000000  0.00500000  0.00000000      0.000067789800
 -0.00500000  0.00000000 -0.01000000  0.00500000  0.00000000  0.00000000      0.000066371700
 -0.00500000  0.00000000 -0.00500000 -0.01000000  0.00000000  0.00000000      0.000035962700
 -0.00500000  0.00000000 -0.00500000 -0.00500000 -0.00500000  0.00000000      0.000032424900
 -0.00500000  0.00000000 -0.00500000 -0.00500000  0.00000000  0.00000000      0.000030496500
 -0.00500000  0.00000000 -0.00500000 -0.00500000  0.00500000  0.00000000      0.000030385700
 -0.00500000  0.00000000 -0.00500000  0.00000000 -0.01000000  0.00000000      0.000032908100
 -0.00500000  0.00000000 -0.00500000  0.00000000 -0.00500000  0.00000000      0.000029603000
 -0.00500000  0.00000000 -0.00500000  0.00000000  0.00000000  0.00000000      0.000028118900
 -0.00500000  0.00000000 -0.00500000  0.00000000  0.00000000  0.01000000      0.000030593900
 -0.00500000  0.00000000 -0.00500000  0.00000000  0.00000000 -0.01000000      0.000030593900
 -0.00500000  0.00000000 -0.00500000  0.00000000  0.00500000  0.00000000      0.000028452200
 -0.00500000  0.00000000 -0.00500000  0.00000000  0.01000000  0.00000000      0.000030599400
 -0.00500000  0.00000000 -0.00500000  0.00500000 -0.00500000  0.00000000      0.000029849000
 -0.00500000  0.00000000 -0.00500000  0.00500000  0.00000000  0.00000000      0.000028808300
 -0.00500000  0.00000000 -0.00500000  0.00500000  0.00500000  0.00000000      0.000029584700
 -0.00500000  0.00000000 -0.00500000  0.01000000  0.00000000  0.00000000      0.000032542900
 -0.00500000  0.00000000  0.00000000 -0.01500000  0.00000000  0.00000000      0.000026334300
 -0.00500000  0.00000000  0.00000000 -0.01000000 -0.00500000  0.00000000      0.000021927800
 -0.00500000  0.00000000  0.00000000 -0.01000000  0.00000000  0.00000000      0.000019609000
 -0.00500000  0.00000000  0.00000000 -0.01000000  0.00500000  0.00000000      0.000019107500
 -0.00500000  0.00000000  0.00000000 -0.00500000 -0.01000000  0.00000000      0.000021549200
 -0.00500000  0.00000000  0.00000000 -0.00500000 -0.00500000  0.00000000      0.000017855200
 -0.00500000  0.00000000  0.00000000 -0.00500000  0.00000000  0.00000000      0.000015982000
 -0.00500000  0.00000000  0.00000000 -0.00500000  0.00000000  0.01000000      0.000018456300
 -0.00500000  0.00000000  0.00000000 -0.00500000  0.00000000 -0.01000000      0.000018456300
 -0.00500000  0.00000000  0.00000000 -0.00500000  0.00500000  0.00000000      0.000015925800
 -0.00500000  0.00000000  0.00000000 -0.00500000  0.01000000  0.00000000      0.000017683200
 -0.00500000  0.00000000  0.00000000  0.00000000 -0.01500000  0.00000000      0.000025182800
 -0.00500000  0.00000000  0.00000000  0.00000000 -0.01000000  0.00000000      0.000020109200
 -0.00500000  0.00000000  0.00000000  0.00000000 -0.00500000  0.00000000      0.000016860100
 -0.00500000  0.00000000  0.00000000  0.00000000 -0.00500000  0.01000000      0.000019336300
 -0.00500000  0.00000000  0.00000000  0.00000000 -0.00500000 -0.01000000      0.000019336300
 -0.00500000  0.00000000  0.00000000  0.00000000  0.00000000  0.00000000      0.000015431600
 -0.00500000  0.00000000  0.00000000  0.00000000  0.00000000  0.01000000      0.000017905400
 -0.00500000  0.00000000  0.00000000  0.00000000  0.00000000 -0.01000000      0.000017905400
 -0.00500000  0.00000000  0.00000000  0.00000000  0.00500000  0.00000000      0.000015819900
 -0.00500000  0.00000000  0.00000000  0.00000000  0.00500000  0.01000000      0.000018291400
 -0.00500000  0.00000000  0.00000000  0.00000000  0.00500000 -0.01000000      0.000018291400
 -0.00500000  0.00000000  0.00000000  0.00000000  0.01000000  0.00000000      0.000018021500
 -0.00500000  0.00000000  0.00000000  0.00000000  0.01500000  0.00000000      0.000022033200
 -0.00500000  0.00000000  0.00000000  0.00500000 -0.01000000  0.00000000      0.000021726400
 -0.00500000  0.00000000  0.00000000  0.00500000 -0.00500000  0.00000000      0.000018921200
 -0.00500000  0.00000000  0.00000000  0.00500000  0.00000000  0.00000000      0.000017936400
 -0.00500000  0.00000000  0.00000000  0.00500000  0.00000000  0.01000000      0.000020409600
 -0.00500000  0.00000000  0.00000000  0.00500000  0.00000000 -0.01000000      0.000020409600
 -0.00500000  0.00000000  0.00000000  0.00500000  0.00500000  0.00000000      0.000018768200
 -0.00500000  0.00000000  0.00000000  0.00500000  0.01000000  0.00000000      0.000021413100
 -0.00500000  0.00000000  0.00000000  0.01000000 -0.00500000  0.00000000      0.000024017000
 -0.00500000  0.00000000  0.00000000  0.01000000  0.00000000  0.00000000      0.000023474900
 -0.00500000  0.00000000  0.00000000  0.01000000  0.00500000  0.00000000      0.000024749200
 -0.00500000  0.00000000  0.00000000  0.01500000  0.00000000  0.00000000      0.000032025700
 -0.00500000  0.00000000  0.00500000 -0.01000000  0.00000000  0.00000000      0.000029639400
 -0.00500000  0.00000000  0.00500000 -0.00500000 -0.00500000  0.00000000      0.000029655800
 -0.00500000  0.00000000  0.00500000 -0.00500000  0.00000000  0.00000000      0.000027836200
 -0.00500000  0.00000000  0.00500000 -0.00500000  0.00500000  0.00000000      0.000027833000
 -0.00500000  0.00000000  0.00500000  0.00000000 -0.01000000  0.00000000      0.000033666900
 -0.00500000  0.00000000  0.00500000  0.00000000 -0.00500000  0.00000000      0.000030472300
 -0.00500000  0.00000000  0.00500000  0.00000000  0.00000000  0.00000000      0.000029097700
 -0.00500000  0.00000000  0.00500000  0.00000000  0.00000000  0.01000000      0.000031570300
 -0.00500000  0.00000000  0.00500000  0.00000000  0.00000000 -0.01000000      0.000031570300
 -0.00500000  0.00000000  0.00500000  0.00000000  0.00500000  0.00000000      0.000029539400
 -0.00500000  0.00000000  0.00500000  0.00000000  0.01000000  0.00000000      0.000031793800
 -0.00500000  0.00000000  0.00500000  0.00500000 -0.00500000  0.00000000      0.000034333200
 -0.00500000  0.00000000  0.00500000  0.00500000  0.00000000  0.00000000      0.000033402700
 -0.00500000  0.00000000  0.00500000  0.00500000  0.00500000  0.00000000      0.000034288200
 -0.00500000  0.00000000  0.00500000  0.01000000  0.00000000  0.00000000      0.000040729800
 -0.00500000  0.00000000  0.01000000 -0.00500000  0.00000000  0.00000000      0.000065705600
 -0.00500000  0.00000000  0.01000000  0.00000000 -0.00500000  0.00000000      0.000070085900
 -0.00500000  0.00000000  0.01000000  0.00000000  0.00000000  0.00000000      0.000068763700
 -0.00500000  0.00000000  0.01000000  0.00000000  0.00500000  0.00000000      0.000069257100
 -0.00500000  0.00000000  0.01000000  0.00500000  0.00000000  0.00000000      0.000074853400
 -0.00500000  0.00000000  0.01500000  0.00000000  0.00000000  0.00000000      0.000134075700
 -0.00500000  0.00500000 -0.01000000  0.00000000  0.00000000  0.00000000      0.000089002100
 -0.00500000  0.00500000 -0.00500000 -0.00500000  0.00000000  0.00000000      0.000048822700
 -0.00500000  0.00500000 -0.00500000  0.00000000 -0.00500000  0.00000000      0.000051204700
 -0.00500000  0.00500000 -0.00500000  0.00000000  0.00000000  0.00000000      0.000050071000
 -0.00500000  0.00500000 -0.00500000  0.00000000  0.00500000  0.00000000      0.000050742200
 -0.00500000  0.00500000 -0.00500000  0.00500000  0.00000000  0.00000000      0.000054391500
 -0.00500000  0.00500000  0.00000000 -0.01000000  0.00000000  0.00000000      0.000034795900
 -0.00500000  0.00500000  0.00000000 -0.00500000 -0.00500000  0.00000000      0.000036290200
 -0.00500000  0.00500000  0.00000000 -0.00500000  0.00000000  0.00000000      0.000034766400
 -0.00500000  0.00500000  0.00000000 -0.00500000  0.00500000  0.00000000      0.000035047100
 -0.00500000  0.00500000  0.00000000  0.00000000 -0.01000000  0.00000000      0.000041786800
 -0.00500000  0.00500000  0.00000000  0.00000000 -0.00500000  0.00000000      0.000038898800
 -0.00500000  0.00500000  0.00000000  0.00000000  0.00000000  0.00000000      0.000037818900
 -0.00500000  0.00500000  0.00000000  0.00000000  0.00000000  0.01000000      0.000040277900
 -0.00500000  0.00500000  0.00000000  0.00000000  0.00000000 -0.01000000      0.000040277900
 -0.00500000  0.00500000  0.00000000  0.00000000  0.00500000  0.00000000      0.000038543300
 -0.00500000  0.00500000  0.00000000  0.00000000  0.01000000  0.00000000      0.000041068500
 -0.00500000  0.00500000  0.00000000  0.00500000 -0.00500000  0.00000000      0.000044569000
 -0.00500000  0.00500000  0.00000000  0.00500000  0.00000000  0.00000000      0.000043932000
 -0.00500000  0.00500000  0.00000000  0.00500000  0.00500000  0.00000000      0.000045099100
 -0.00500000  0.00500000  0.00000000  0.01000000  0.00000000  0.00000000      0.000053084500
 -0.00500000  0.00500000  0.00500000 -0.00500000  0.00000000  0.00000000      0.000047051400
 -0.00500000  0.00500000  0.00500000  0.00000000 -0.00500000  0.00000000      0.000052920500
 -0.00500000  0.00500000  0.00500000  0.00000000  0.00000000  0.00000000      0.000051892800
 -0.00500000  0.00500000  0.00500000  0.00000000  0.00500000  0.00000000      0.000052668700
 -0.00500000  0.00500000  0.00500000  0.00500000  0.00000000  0.00000000      0.000059783200
 -0.00500000  0.00500000  0.01000000  0.00000000  0.00000000  0.00000000      0.000091939500
 -0.00500000  0.01000000 -0.00500000  0.00000000  0.00000000  0.00000000      0.000112177200
 -0.00500000  0.01000000  0.00000000 -0.00500000  0.00000000  0.00000000      0.000093725200
 -0.00500000  0.01000000  0.00000000  0.00000000 -0.00500000  0.00000000      0.000101083100
 -0.00500000  0.01000000  0.00000000  0.00000000  0.00000000  0.00000000      0.000100338000
 -0.00500000  0.01000000  0.00000000  0.00000000  0.00500000  0.00000000      0.000101384900
 -0.00500000  0.01000000  0.00000000  0.00500000  0.00000000  0.00000000      0.000110016800
 -0.00500000  0.01000000  0.00500000  0.00000000  0.00000000  0.00000000      0.000114797900
 -0.00500000  0.01500000  0.00000000  0.00000000  0.00000000  0.00000000      0.000201965200
  0.00000000 -0.02000000  0.00000000  0.00000000  0.00000000  0.00000000      0.000303952700
  0.00000000 -0.01500000 -0.00500000  0.00000000  0.00000000  0.00000000      0.000176058900
  0.00000000 -0.01500000  0.00000000 -0.00500000  0.00000000  0.00000000      0.000174662200
  0.00000000 -0.01500000  0.00000000  0.00000000 -0.00500000  0.00000000      0.000164621100
  0.00000000 -0.01500000  0.00000000  0.00000000  0.00000000  0.00000000      0.000162512800
  0.00000000 -0.01500000  0.00000000  0.00000000  0.00500000  0.00000000      0.000162243500
  0.00000000 -0.01500000  0.00000000  0.00500000  0.00000000  0.00000000      0.000153391900
  0.00000000 -0.01500000  0.00500000  0.00000000  0.00000000  0.00000000      0.000175402200
  0.00000000 -0.01000000 -0.01000000  0.00000000  0.00000000  0.00000000      0.000118300000
  0.00000000 -0.01000000 -0.00500000 -0.00500000  0.00000000  0.00000000      0.000088783900
  0.00000000 -0.01000000 -0.00500000  0.00000000 -0.00500000  0.00000000      0.000080272700
  0.00000000 -0.01000000 -0.00500000  0.00000000  0.00000000  0.00000000      0.000078496800
  0.00000000 -0.01000000 -0.00500000  0.00000000  0.00500000  0.00000000      0.000078547700
  0.00000000 -0.01000000 -0.00500000  0.00500000  0.00000000  0.00000000      0.000071256500
  0.00000000 -0.01000000  0.00000000 -0.01000000  0.00000000  0.00000000      0.000085331500
  0.00000000 -0.01000000  0.00000000 -0.00500000 -0.00500000  0.00000000      0.000076026800
  0.00000000 -0.01000000  0.00000000 -0.00500000  0.00000000  0.00000000      0.000073864800
  0.00000000 -0.01000000  0.00000000 -0.00500000  0.00500000  0.00000000      0.000073529300
  0.00000000 -0.01000000  0.00000000  0.00000000 -0.01000000  0.00000000      0.000070719300
  0.00000000 -0.01000000  0.00000000  0.00000000 -0.00500000  0.00000000      0.000067172000
  0.00000000 -0.01000000  0.00000000  0.00000000  0.00000000  0.00000000      0.000065454700
  0.00000000 -0.01000000  0.00000000  0.00000000  0.00000000  0.01000000      0.000067942500
  0.00000000 -0.01000000  0.00000000  0.00000000  0.00000000 -0.01000000      0.000067942500
  0.00000000 -0.01000000  0.00000000  0.00000000  0.00500000  0.00000000      0.000065563600
  0.00000000 -0.01000000  0.00000000  0.00000000  0.01000000  0.00000000      0.000067495100
  0.00000000 -0.01000000  0.00000000  0.00500000 -0.00500000  0.00000000      0.000061353000
  0.00000000 -0.01000000  0.00000000  0.00500000  0.00000000  0.00000000      0.000060079200
  0.00000000 -0.01000000  0.00000000  0.00500000  0.00500000  0.00000000      0.000060631400
  0.00000000 -0.01000000  0.00000000  0.01000000  0.00000000  0.00000000      0.000057716400
  0.00000000 -0.01000000  0.00500000 -0.00500000  0.00000000  0.00000000      0.000085367800
  0.00000000 -0.01000000  0.00500000  0.00000000 -0.00500000  0.00000000      0.000080479700
  0.00000000 -0.01000000  0.00500000  0.00000000  0.00000000  0.00000000      0.000078819300
  0.00000000 -0.01000000  0.00500000  0.00000000  0.00500000  0.00000000      0.000078984600
  0.00000000 -0.01000000  0.00500000  0.00500000  0.00000000  0.00000000      0.000075293400
  0.00000000 -0.01000000  0.01000000  0.00000000  0.00000000  0.00000000      0.000118236200
  0.00000000 -0.00500000 -0.01500000  0.00000000  0.00000000  0.00000000      0.000129887300
  0.00000000 -0.00500000 -0.01000000 -0.00500000  0.00000000  0.00000000      0.000071943200
  0.00000000 -0.00500000 -0.01000000  0.00000000 -0.00500000  0.00000000      0.000064963300
  0.00000000 -0.00500000 -0.01000000  0.00000000  0.00000000  0.00000000      0.000063507100
  0.00000000 -0.00500000 -0.01000000  0.00000000  0.00500000  0.00000000      0.000063865500
  0.00000000 -0.00500000 -0.01000000  0.00500000  0.00000000  0.00000000      0.000058135500
  0.00000000 -0.00500000 -0.00500000 -0.01000000  0.00000000  0.00000000      0.000040421600
  0.00000000 -0.00500000 -0.00500000 -0.00500000 -0.00500000  0.00000000      0.000032621400
  0.00000000 -0.00500000 -0.00500000 -0.00500000  0.00000000  0.00000000      0.000030779900
  0.00000000 -0.00500000 -0.00500000 -0.00500000  0.00500000  0.00000000      0.000030752600
  0.00000000 -0.00500000 -0.00500000  0.00000000 -0.01000000  0.00000000      0.000028826300
  0.00000000 -0.00500000 -0.00500000  0.00000000 -0.00500000  0.00000000      0.000025610600
  0.00000000 -0.00500000 -0.00500000  0.00000000  0.00000000  0.00000000      0.000024212700
  0.00000000 -0.00500000 -0.00500000  0.00000000  0.00000000  0.01000000      0.000026686700
  0.00000000 -0.00500000 -0.00500000  0.00000000  0.00000000 -0.01000000      0.000026686700
  0.00000000 -0.00500000 -0.00500000  0.00000000  0.00500000  0.00000000      0.000024628800
  0.00000000 -0.00500000 -0.00500000  0.00000000  0.01000000  0.00000000      0.000026855500
  0.00000000 -0.00500000 -0.00500000  0.00500000 -0.00500000  0.00000000      0.000021653400
  0.00000000 -0.00500000 -0.00500000  0.00500000  0.00000000  0.00000000      0.000020698000
  0.00000000 -0.00500000 -0.00500000  0.00500000  0.00500000  0.00000000      0.000021556500
  0.00000000 -0.00500000 -0.00500000  0.01000000  0.00000000  0.00000000      0.000020214000
  0.00000000 -0.00500000  0.00000000 -0.01500000  0.00000000  0.00000000      0.000035000200
  0.00000000 -0.00500000  0.00000000 -0.01000000 -0.00500000  0.00000000      0.000026370300
  0.00000000 -0.00500000  0.00000000 -0.01000000  0.00000000  0.00000000      0.000024140100
  0.00000000 -0.00500000  0.00000000 -0.01000000  0.00500000  0.00000000      0.000023723900
  0.00000000 -0.00500000  0.00000000 -0.00500000 -0.01000000  0.00000000      0.000021752100
  0.00000000 -0.00500000  0.00000000 -0.00500000 -0.00500000  0.00000000      0.000018149400
  0.00000000 -0.00500000  0.00000000 -0.00500000  0.00000000  0.00000000      0.000016364200
  0.00000000 -0.00500000  0.00000000 -0.00500000  0.00000000  0.01000000      0.000018837500
  0.00000000 -0.00500000  0.00000000 -0.00500000  0.00000000 -0.01000000      0.000018837500
  0.00000000 -0.00500000  0.00000000 -0.00500000  0.00500000  0.00000000      0.000016392700
  0.00000000 -0.00500000  0.00000000 -0.00500000  0.01000000  0.00000000      0.000018231500
  0.00000000 -0.00500000  0.00000000  0.00000000 -0.01500000  0.00000000      0.000021130100
  0.00000000 -0.00500000  0.00000000  0.00000000 -0.01000000  0.00000000      0.000016150300
  0.00000000 -0.00500000  0.00000000  0.00000000 -0.00500000  0.00000000      0.000012991800
  0.00000000 -0.00500000  0.00000000  0.00000000 -0.00500000  0.01000000      0.000015467000
  0.00000000 -0.00500000  0.00000000  0.00000000 -0.00500000 -0.01000000      0.000015467000
  0.00000000 -0.00500000  0.00000000  0.00000000  0.00000000  0.00000000      0.000011650600
  0.00000000 -0.00500000  0.00000000  0.00000000  0.00000000  0.01000000      0.000014123400
  0.00000000 -0.00500000  0.00000000  0.00000000  0.00000000 -0.01000000      0.000014123400
  0.00000000 -0.00500000  0.00000000  0.00000000  0.00500000  0.00000000      0.000012122900
  0.00000000 -0.00500000  0.00000000  0.00000000  0.00500000  0.01000000      0.000014593400
  0.00000000 -0.00500000  0.00000000  0.00000000  0.00500000 -0.01000000      0.000014593400
  0.00000000 -0.00500000  0.00000000  0.00000000  0.01000000  0.00000000      0.000014405200
  0.00000000 -0.00500000  0.00000000  0.00000000  0.01500000  0.00000000      0.000018494300
  0.00000000 -0.00500000  0.00000000  0.00500000 -0.01000000  0.00000000      0.000013591200
  0.00000000 -0.00500000  0.00000000  0.00500000 -0.00500000  0.00000000      0.000010875900
  0.00000000 -0.00500000  0.00000000  0.00500000  0.00000000  0.00000000      0.000009977700
  0.00000000 -0.00500000  0.00000000  0.00500000  0.00000000  0.01000000      0.000012449900
  0.00000000 -0.00500000  0.00000000  0.00500000  0.00000000 -0.01000000      0.000012449900
  0.00000000 -0.00500000  0.00000000  0.00500000  0.00500000  0.00000000      0.000010892700
  0.00000000 -0.00500000  0.00000000  0.00500000  0.01000000  0.00000000      0.000013617500
  0.00000000 -0.00500000  0.00000000  0.01000000 -0.00500000  0.00000000      0.000011779900
  0.00000000 -0.00500000  0.00000000  0.01000000  0.00000000  0.00000000      0.000011323600
  0.00000000 -0.00500000  0.00000000  0.01000000  0.00500000  0.00000000      0.000012680400
  0.00000000 -0.00500000  0.00000000  0.01500000  0.00000000  0.00000000      0.000015666800
  0.00000000 -0.00500000  0.00500000 -0.01000000  0.00000000  0.00000000      0.000034267700
  0.00000000 -0.00500000  0.00500000 -0.00500000 -0.00500000  0.00000000      0.000030072700
  0.00000000 -0.00500000  0.00500000 -0.00500000  0.00000000  0.00000000      0.000028342200
  0.00000000 -0.00500000  0.00500000 -0.00500000  0.00500000  0.00000000      0.000028424900
  0.00000000 -0.00500000  0.00500000  0.00000000 -0.01000000  0.00000000      0.000029856000
  0.00000000 -0.00500000  0.00500000  0.00000000 -0.00500000  0.00000000      0.000026753200
  0.00000000 -0.00500000  0.00500000  0.00000000  0.00000000  0.00000000      0.000025467000
  0.00000000 -0.00500000  0.00500000  0.00000000  0.00000000  0.01000000      0.000027938500
  0.00000000 -0.00500000  0.00500000  0.00000000  0.00000000 -0.01000000      0.000027938500
  0.00000000 -0.00500000  0.00500000  0.00000000  0.00500000  0.00000000      0.000025993800
  0.00000000 -0.00500000  0.00500000  0.00000000  0.01000000  0.00000000      0.000028330100
  0.00000000 -0.00500000  0.00500000  0.00500000 -0.00500000  0.00000000      0.000026463300
  0.00000000 -0.00500000  0.00500000  0.00500000  0.00000000  0.00000000      0.000025620500
  0.00000000 -0.00500000  0.00500000  0.00500000  0.00500000  0.00000000      0.000026590500
  0.00000000 -0.00500000  0.00500000  0.01000000  0.00000000  0.00000000      0.000028781200
  0.00000000 -0.00500000  0.01000000 -0.00500000  0.00000000  0.00000000      0.000066360100
  0.00000000 -0.00500000  0.01000000  0.00000000 -0.00500000  0.00000000      0.000066540500
  0.00000000 -0.00500000  0.01000000  0.00000000  0.00000000  0.00000000      0.000065307900
  0.00000000 -0.00500000  0.01000000  0.00000000  0.00500000  0.00000000      0.000065887600
  0.00000000 -0.00500000  0.01000000  0.00500000  0.00000000  0.00000000      0.000067272400
  0.00000000 -0.00500000  0.01500000  0.00000000  0.00000000  0.00000000      0.000130819000
  0.00000000  0.00000000 -0.02000000  0.00000000  0.00000000  0.00000000      0.000210057600
  0.00000000  0.00000000 -0.01500000 -0.00500000  0.00000000  0.00000000      0.000123378100
  0.00000000  0.00000000 -0.01500000  0.00000000 -0.00500000  0.00000000      0.000117930300
  0.00000000  0.00000000 -0.01500000  0.00000000  0.00000000  0.00000000      0.000116781300
  0.00000000  0.00000000 -0.01500000  0.00000000  0.00500000  0.00000000      0.000117434800
  0.00000000  0.00000000 -0.01500000  0.00500000  0.00000000  0.00000000      0.000113266400
  0.00000000  0.00000000 -0.01000000 -0.01000000  0.00000000  0.00000000      0.000063478500
  0.00000000  0.00000000 -0.01000000 -0.00500000 -0.00500000  0.00000000      0.000057184100
  0.00000000  0.00000000 -0.01000000 -0.00500000  0.00000000  0.00000000      0.000055650600
  0.00000000  0.00000000 -0.01000000 -0.00500000  0.00500000  0.00000000      0.000055919400
  0.00000000  0.00000000 -0.01000000  0.00000000 -0.01000000  0.00000000      0.000054902400
  0.00000000  0.00000000 -0.01000000  0.00000000 -0.00500000  0.00000000      0.000052005700
  0.00000000  0.00000000 -0.01000000  0.00000000  0.00000000  0.00000000      0.000050914800
  0.00000000  0.00000000 -0.01000000  0.00000000  0.00000000  0.01000000      0.000053374900
  0.00000000  0.00000000 -0.01000000  0.00000000  0.00000000 -0.01000000      0.000053374900
  0.00000000  0.00000000 -0.01000000  0.00000000  0.00500000  0.00000000      0.000051625800
  0.00000000  0.00000000 -0.01000000  0.00000000  0.01000000  0.00000000      0.000054135400
  0.00000000  0.00000000 -0.01000000  0.00500000 -0.00500000  0.00000000      0.000049898300
  0.00000000  0.00000000 -0.01000000  0.00500000  0.00000000  0.00000000      0.000049248900
  0.00000000  0.00000000 -0.01000000  0.00500000  0.00500000  0.00000000      0.000050401300
  0.00000000  0.00000000 -0.01000000  0.01000000  0.00000000  0.00000000      0.000050631200
  0.00000000  0.00000000 -0.00500000 -0.01500000  0.00000000  0.00000000      0.000030037500
  0.00000000  0.00000000 -0.00500000 -0.01000000 -0.00500000  0.00000000      0.000022886900
  0.00000000  0.00000000 -0.00500000 -0.01000000  0.00000000  0.00000000      0.000020965600
  0.00000000  0.00000000 -0.00500000 -0.01000000  0.00500000  0.00000000      0.000020846400
  0.00000000  0.00000000 -0.00500000 -0.00500000 -0.01000000  0.00000000      0.000019755600
  0.00000000  0.00000000 -0.00500000 -0.00500000 -0.00500000  0.00000000      0.000016472900
  0.00000000  0.00000000 -0.00500000 -0.00500000  0.00000000  0.00000000      0.000014995500
  0.00000000  0.00000000 -0.00500000 -0.00500000  0.00000000  0.01000000      0.000017454900
  0.00000000  0.00000000 -0.00500000 -0.00500000  0.00000000 -0.01000000      0.000017454900
  0.00000000  0.00000000 -0.00500000 -0.00500000  0.00500000  0.00000000      0.000015319800
  0.00000000  0.00000000 -0.00500000 -0.00500000  0.01000000  0.00000000      0.000017442400
  0.00000000  0.00000000 -0.00500000  0.00000000 -0.01500000  0.00000000      0.000020628200
  0.00000000  0.00000000 -0.00500000  0.00000000 -0.01000000  0.00000000      0.000015979400
  0.00000000  0.00000000 -0.00500000  0.00000000 -0.00500000  0.00000000      0.000013139800
  0.00000000  0.00000000 -0.00500000  0.00000000 -0.00500000  0.01000000      0.000015601000
  0.00000000  0.00000000 -0.00500000  0.00000000 -0.00500000 -0.01000000      0.000015601000
  0.00000000  0.00000000 -0.00500000  0.00000000  0.00000000  0.00000000      0.000012105400
  0.00000000  0.00000000 -0.00500000  0.00000000  0.00000000  0.01000000      0.000014564200
  0.00000000  0.00000000 -0.00500000  0.00000000  0.00000000 -0.01000000      0.000014564200
  0.00000000  0.00000000 -0.00500000  0.00000000  0.00500000  0.00000000      0.000012872400
  0.00000000  0.00000000 -0.00500000  0.00000000  0.00500000  0.01000000      0.000015329000
  0.00000000  0.00000000 -0.00500000  0.00000000  0.00500000 -0.01000000      0.000015329000
  0.00000000  0.00000000 -0.00500000  0.00000000  0.01000000  0.00000000      0.000015437400
  0.00000000  0.00000000 -0.00500000  0.00000000  0.01500000  0.00000000      0.000019797100
  0.00000000  0.00000000 -0.00500000  0.00500000 -0.01000000  0.00000000      0.000015263400
  0.00000000  0.00000000 -0.00500000  0.00500000 -0.00500000  0.00000000      0.000012865900
  0.00000000  0.00000000 -0.00500000  0.00500000  0.00000000  0.00000000      0.000012273400
  0.00000000  0.00000000 -0.00500000  0.00500000  0.00000000  0.01000000      0.000014731700
  0.00000000  0.00000000 -0.00500000  0.00500000  0.00000000 -0.01000000      0.000014731700
  0.00000000  0.00000000 -0.00500000  0.00500000  0.00500000  0.00000000      0.000013482100
  0.00000000  0.00000000 -0.00500000  0.00500000  0.01000000  0.00000000      0.000016488600
  0.00000000  0.00000000 -0.00500000  0.01000000 -0.00500000  0.00000000      0.000015629600
  0.00000000  0.00000000 -0.00500000  0.01000000  0.00000000  0.00000000      0.000015478000
  0.00000000  0.00000000 -0.00500000  0.01000000  0.00500000  0.00000000      0.000017127400
  0.00000000  0.00000000 -0.00500000  0.01500000  0.00000000  0.00000000      0.000021697400
  0.00000000  0.00000000  0.00000000 -0.02000000  0.00000000  0.00000000      0.000022732900
  0.00000000  0.00000000  0.00000000 -0.01500000 -0.00500000  0.00000000      0.000014716700
  0.00000000  0.00000000  0.00000000 -0.01500000  0.00000000  0.00000000      0.000012404500
  0.00000000  0.00000000  0.00000000 -0.01500000  0.00500000  0.00000000      0.000011894000
  0.00000000  0.00000000  0.00000000 -0.01000000 -0.01000000  0.00000000      0.000010726600
  0.00000000  0.00000000  0.00000000 -0.01000000 -0.00500000  0.00000000      0.000007054400
  0.00000000  0.00000000  0.00000000 -0.01000000  0.00000000  0.00000000      0.000005187300
  0.00000000  0.00000000  0.00000000 -0.01000000  0.00000000  0.01000000      0.000007646100
  0.00000000  0.00000000  0.00000000 -0.01000000  0.00000000 -0.01000000      0.000007646100
  0.00000000  0.00000000  0.00000000 -0.01000000  0.00500000  0.00000000      0.000005121700
  0.00000000  0.00000000  0.00000000 -0.01000000  0.01000000  0.00000000      0.000006854000
  0.00000000  0.00000000  0.00000000 -0.00500000 -0.01500000  0.00000000      0.000010746800
  0.00000000  0.00000000  0.00000000 -0.00500000 -0.01000000  0.00000000      0.000005710200
  0.00000000  0.00000000  0.00000000 -0.00500000 -0.00500000  0.00000000      0.000002482500
  0.00000000  0.00000000  0.00000000 -0.00500000 -0.00500000  0.01000000      0.000004943100
  0.00000000  0.00000000  0.00000000 -0.00500000 -0.00500000 -0.01000000      0.000004943100
  0.00000000  0.00000000  0.00000000 -0.00500000  0.00000000  0.00000000      0.000001059700
  0.00000000  0.00000000  0.00000000 -0.00500000  0.00000000  0.01000000      0.000003517900
  0.00000000  0.00000000  0.00000000 -0.00500000  0.00000000 -0.01000000      0.000003517900
  0.00000000  0.00000000  0.00000000 -0.00500000  0.00500000  0.00000000      0.000001438000
  0.00000000  0.00000000  0.00000000 -0.00500000  0.00500000  0.01000000      0.000003894000
  0.00000000  0.00000000  0.00000000 -0.00500000  0.00500000 -0.01000000      0.000003894000
  0.00000000  0.00000000  0.00000000 -0.00500000  0.01000000  0.00000000      0.000003614000
  0.00000000  0.00000000  0.00000000 -0.00500000  0.01500000  0.00000000      0.000007584500
  0.00000000  0.00000000  0.00000000  0.00000000 -0.02000000  0.00000000      0.000014762200
  0.00000000  0.00000000  0.00000000  0.00000000 -0.01500000  0.00000000      0.000008356600
  0.00000000  0.00000000  0.00000000  0.00000000 -0.01000000  0.00000000      0.000003763800
  0.00000000  0.00000000  0.00000000  0.00000000 -0.01000000  0.01000000      0.000006226200
  0.00000000  0.00000000  0.00000000  0.00000000 -0.01000000 -0.01000000      0.000006226200
  0.00000000  0.00000000  0.00000000  0.00000000 -0.00500000  0.00000000      0.000000979600
  0.00000000  0.00000000  0.00000000  0.00000000 -0.00500000  0.01000000      0.000003439600
  0.00000000  0.00000000  0.00000000  0.00000000 -0.00500000 -0.01000000      0.000003439600
  0.00000000  0.00000000  0.00000000  0.00000000  0.00000000  0.01000000      0.000002457700
  0.00000000  0.00000000  0.00000000  0.00000000  0.00000000 -0.01000000      0.000002457700
  0.00000000  0.00000000  0.00000000  0.00000000  0.00000000  0.02000000      0.000009830500
  0.00000000  0.00000000  0.00000000  0.00000000  0.00000000 -0.02000000      0.000009830500
  0.00000000  0.00000000  0.00000000  0.00000000  0.00500000  0.00000000      0.000000821400
  0.00000000  0.00000000  0.00000000  0.00000000  0.00500000  0.01000000      0.000003276800
  0.00000000  0.00000000  0.00000000  0.00000000  0.00500000 -0.01000000      0.000003276800
  0.00000000  0.00000000  0.00000000  0.00000000  0.01000000  0.00000000      0.000003440100
  0.00000000  0.00000000  0.00000000  0.00000000  0.01000000  0.01000000      0.000005893400
  0.00000000  0.00000000  0.00000000  0.00000000  0.01000000 -0.01000000      0.000005893400
  0.00000000  0.00000000  0.00000000  0.00000000  0.01500000  0.00000000      0.000007853200
  0.00000000  0.00000000  0.00000000  0.00000000  0.02000000  0.00000000      0.000014057500
  0.00000000  0.00000000  0.00000000  0.00500000 -0.01500000  0.00000000      0.000009015700
  0.00000000  0.00000000  0.00000000  0.00500000 -0.01000000  0.00000000      0.000004865700
  0.00000000  0.00000000  0.00000000  0.00500000 -0.00500000  0.00000000      0.000002524000
  0.00000000  0.00000000  0.00000000  0.00500000 -0.00500000  0.01000000      0.000004983500
  0.00000000  0.00000000  0.00000000  0.00500000 -0.00500000 -0.01000000      0.000004983500
  0.00000000  0.00000000  0.00000000  0.00500000  0.00000000  0.00000000      0.000001986800
  0.00000000  0.00000000  0.00000000  0.00500000  0.00000000  0.01000000      0.000004443800
  0.00000000  0.00000000  0.00000000  0.00500000  0.00000000 -0.01000000      0.000004443800
  0.00000000  0.00000000  0.00000000  0.00500000  0.00500000  0.00000000      0.000003250200
  0.00000000  0.00000000  0.00000000  0.00500000  0.00500000  0.01000000      0.000005705000
  0.00000000  0.00000000  0.00000000  0.00500000  0.00500000 -0.01000000      0.000005705000
  0.00000000  0.00000000  0.00000000  0.00500000  0.01000000  0.00000000      0.000006310800
  0.00000000  0.00000000  0.00000000  0.00500000  0.01500000  0.00000000      0.000011165400
  0.00000000  0.00000000  0.00000000  0.01000000 -0.01000000  0.00000000      0.000008994600
  0.00000000  0.00000000  0.00000000  0.01000000 -0.00500000  0.00000000      0.000007094400
  0.00000000  0.00000000  0.00000000  0.01000000  0.00000000  0.00000000      0.000006998400
  0.00000000  0.00000000  0.00000000  0.01000000  0.00000000  0.01000000      0.000009454900
  0.00000000  0.00000000  0.00000000  0.01000000  0.00000000 -0.01000000      0.000009454900
  0.00000000  0.00000000  0.00000000  0.01000000  0.00500000  0.00000000      0.000008702900
  0.00000000  0.00000000  0.00000000  0.01000000  0.01000000  0.00000000      0.000012204400
  0.00000000  0.00000000  0.00000000  0.01500000 -0.00500000  0.00000000      0.000014669400
  0.00000000  0.00000000  0.00000000  0.01500000  0.00000000  0.00000000      0.000015013600
  0.00000000  0.00000000  0.00000000  0.01500000  0.00500000  0.00000000      0.000017158200
  0.00000000  0.00000000  0.00000000  0.02000000  0.00000000  0.00000000      0.000026010900
  0.00000000  0.00000000  0.00500000 -0.01500000  0.00000000  0.00000000      0.000021168200
  0.00000000  0.00000000  0.00500000 -0.01000000 -0.00500000  0.00000000      0.000017604800
  0.00000000  0.00000000  0.00500000 -0.01000000  0.00000000  0.00000000      0.000015790300
  0.00000000  0.00000000  0.00500000 -0.01000000  0.00500000  0.00000000      0.000015776700
  0.00000000  0.00000000  0.00500000 -0.00500000 -0.01000000  0.00000000      0.000018033900
  0.00000000  0.00000000  0.00500000 -0.00500000 -0.00500000  0.00000000      0.000014859700
  0.00000000  0.00000000  0.00500000 -0.00500000  0.00000000  0.00000000      0.000013489800
  0.00000000  0.00000000  0.00500000 -0.00500000  0.00000000  0.01000000      0.000015946800
  0.00000000  0.00000000  0.00500000 -0.00500000  0.00000000 -0.01000000      0.000015946800
  0.00000000  0.00000000  0.00500000 -0.00500000  0.00500000  0.00000000      0.000013920500
  0.00000000  0.00000000  0.00500000 -0.00500000  0.01000000  0.00000000      0.000016148300
  0.00000000  0.00000000  0.00500000  0.00000000 -0.01500000  0.00000000      0.000022440300
  0.00000000  0.00000000  0.00500000  0.00000000 -0.01000000  0.00000000      0.000017901900
  0.00000000  0.00000000  0.00500000  0.00000000 -0.00500000  0.00000000      0.000015171600
  0.00000000  0.00000000  0.00500000  0.00000000 -0.00500000  0.01000000      0.000017630300
  0.00000000  0.00000000  0.00500000  0.00000000 -0.00500000 -0.01000000      0.000017630300
  0.00000000  0.00000000  0.00500000  0.00000000  0.00000000  0.00000000      0.000014245300
  0.00000000  0.00000000  0.00500000  0.00000000  0.00000000  0.01000000      0.000016701700
  0.00000000  0.00000000  0.00500000  0.00000000  0.00000000 -0.01000000      0.000016701700
  0.00000000  0.00000000  0.00500000  0.00000000  0.00500000  0.00000000      0.000015119400
  0.00000000  0.00000000  0.00500000  0.00000000  0.00500000  0.01000000      0.000017573600
  0.00000000  0.00000000  0.00500000  0.00000000  0.00500000 -0.01000000      0.000017573600
  0.00000000  0.00000000  0.00500000  0.00000000  0.01000000  0.00000000      0.000017790400
  0.00000000  0.00000000  0.00500000  0.00000000  0.01500000  0.00000000      0.000022255100
  0.00000000  0.00000000  0.00500000  0.00500000 -0.01000000  0.00000000      0.000020806500
  0.00000000  0.00000000  0.00500000  0.00500000 -0.00500000  0.00000000      0.000018519100
  0.00000000  0.00000000  0.00500000  0.00500000  0.00000000  0.00000000      0.000018035500
  0.00000000  0.00000000  0.00500000  0.00500000  0.00000000  0.01000000      0.000020491300
  0.00000000  0.00000000  0.00500000  0.00500000  0.00000000 -0.01000000      0.000020491300
  0.00000000  0.00000000  0.00500000  0.00500000  0.00500000  0.00000000      0.000019352000
  0.00000000  0.00000000  0.00500000  0.00500000  0.01000000  0.00000000      0.000022465200
  0.00000000  0.00000000  0.00500000  0.01000000 -0.00500000  0.00000000      0.000024881000
  0.00000000  0.00000000  0.00500000  0.01000000  0.00000000  0.00000000      0.000024839100
  0.00000000  0.00000000  0.00500000  0.01000000  0.00500000  0.00000000      0.000026597100
  0.00000000  0.00000000  0.00500000  0.01500000  0.00000000  0.00000000      0.000034634900
  0.00000000  0.00000000  0.01000000 -0.01000000  0.00000000  0.00000000      0.000052421100
  0.00000000  0.00000000  0.01000000 -0.00500000 -0.00500000  0.00000000      0.000053250900
  0.00000000  0.00000000  0.01000000 -0.00500000  0.00000000  0.00000000      0.000051932300
  0.00000000  0.00000000  0.01000000 -0.00500000  0.00500000  0.00000000      0.000052413800
  0.00000000  0.00000000  0.01000000  0.00000000 -0.01000000  0.00000000      0.000058040300
  0.00000000  0.00000000  0.01000000  0.00000000 -0.00500000  0.00000000      0.000055362200
  0.00000000  0.00000000  0.01000000  0.00000000  0.00000000  0.00000000      0.000054487600
  0.00000000  0.00000000  0.01000000  0.00000000  0.00000000  0.01000000      0.000056942800
  0.00000000  0.00000000  0.01000000  0.00000000  0.00000000 -0.01000000      0.000056942800
  0.00000000  0.00000000  0.01000000  0.00000000  0.00500000  0.00000000      0.000055412900
  0.00000000  0.00000000  0.01000000  0.00000000  0.01000000  0.00000000      0.000058134400
  0.00000000  0.00000000  0.01000000  0.00500000 -0.00500000  0.00000000      0.000060497400
  0.00000000  0.00000000  0.01000000  0.00500000  0.00000000  0.00000000      0.000060065900
  0.00000000  0.00000000  0.01000000  0.00500000  0.00500000  0.00000000      0.000061434000
  0.00000000  0.00000000  0.01000000  0.01000000  0.00000000  0.00000000      0.000068646200
  0.00000000  0.00000000  0.01500000 -0.00500000  0.00000000  0.00000000      0.000116033600
  0.00000000  0.00000000  0.01500000  0.00000000 -0.00500000  0.00000000      0.000121197800
  0.00000000  0.00000000  0.01500000  0.00000000  0.00000000  0.00000000      0.000120373300
  0.00000000  0.00000000  0.01500000  0.00000000  0.00500000  0.00000000      0.000121348100
  0.00000000  0.00000000  0.01500000  0.00500000  0.00000000  0.00000000      0.000127724400
  0.00000000  0.00000000  0.02000000  0.00000000  0.00000000  0.00000000      0.000211548700
  0.00000000  0.00500000 -0.01500000  0.00000000  0.00000000  0.00000000      0.000144824400
  0.00000000  0.00500000 -0.01000000 -0.00500000  0.00000000  0.00000000      0.000080526400
  0.00000000  0.00500000 -0.01000000  0.00000000 -0.00500000  0.00000000      0.000080187600
  0.00000000  0.00500000 -0.01000000  0.00000000  0.00000000  0.00000000      0.000079447900
  0.00000000  0.00500000 -0.01000000  0.00000000  0.00500000  0.00000000      0.000080497600
  0.00000000  0.00500000 -0.01000000  0.00500000  0.00000000  0.00000000      0.000081444700
  0.00000000  0.00500000 -0.00500000 -0.01000000  0.00000000  0.00000000      0.000042697200
  0.00000000  0.00500000 -0.00500000 -0.00500000 -0.00500000  0.00000000      0.000041483300
  0.00000000  0.00500000 -0.00500000 -0.00500000  0.00000000  0.00000000      0.000040356100
  0.00000000  0.00500000 -0.00500000 -0.00500000  0.00500000  0.00000000      0.000041018100
  0.00000000  0.00500000 -0.00500000  0.00000000 -0.01000000  0.00000000      0.000044263000
  0.00000000  0.00500000 -0.00500000  0.00000000 -0.00500000  0.00000000      0.000041785300
  0.00000000  0.00500000 -0.00500000  0.00000000  0.00000000  0.00000000      0.000041100200
  0.00000000  0.00500000 -0.00500000  0.00000000  0.00000000  0.01000000      0.000043544200
  0.00000000  0.00500000 -0.00500000  0.00000000  0.00000000 -0.01000000      0.000043544200
  0.00000000  0.00500000 -0.00500000  0.00000000  0.00500000  0.00000000      0.000042204100
  0.00000000  0.00500000 -0.00500000  0.00000000  0.01000000  0.00000000      0.000045093500
  0.00000000  0.00500000 -0.00500000  0.00500000 -0.00500000  0.00000000      0.000045151900
  0.00000000  0.00500000 -0.00500000  0.00500000  0.00000000  0.00000000      0.000044908000
  0.00000000  0.00500000 -0.00500000  0.00500000  0.00500000  0.00000000      0.000046452800
  0.00000000  0.00500000 -0.00500000  0.01000000  0.00000000  0.00000000      0.000051758000
  0.00000000  0.00500000  0.00000000 -0.01500000  0.00000000  0.00000000      0.000031015700
  0.00000000  0.00500000  0.00000000 -0.01000000 -0.00500000  0.00000000      0.000028917000
  0.00000000  0.00500000  0.00000000 -0.01000000  0.00000000  0.00000000      0.000027399100
  0.00000000  0.00500000  0.00000000 -0.01000000  0.00500000  0.00000000      0.000027670200
  0.00000000  0.00500000  0.00000000 -0.00500000 -0.01000000  0.00000000      0.000030818500
  0.00000000  0.00500000  0.00000000 -0.00500000 -0.00500000  0.00000000      0.000027951800
  0.00000000  0.00500000  0.00000000 -0.00500000  0.00000000  0.00000000      0.000026877300
  0.00000000  0.00500000  0.00000000 -0.00500000  0.00000000  0.01000000      0.000029320600
  0.00000000  0.00500000  0.00000000 -0.00500000  0.00000000 -0.01000000      0.000029320600
  0.00000000  0.00500000  0.00000000 -0.00500000  0.00500000  0.00000000      0.000027591500
  0.00000000  0.00500000  0.00000000 -0.00500000  0.01000000  0.00000000      0.000030090900
  0.00000000  0.00500000  0.00000000  0.00000000 -0.01500000  0.00000000      0.000036704900
  0.00000000  0.00500000  0.00000000  0.00000000 -0.01000000  0.00000000      0.000032484800
  0.00000000  0.00500000  0.00000000  0.00000000 -0.00500000  0.00000000      0.000030060800
  0.00000000  0.00500000  0.00000000  0.00000000 -0.00500000  0.01000000      0.000032505700
  0.00000000  0.00500000  0.00000000  0.00000000 -0.00500000 -0.01000000      0.000032505700
  0.00000000  0.00500000  0.00000000  0.00000000  0.00000000  0.00000000      0.000029428800
  0.00000000  0.00500000  0.00000000  0.00000000  0.00000000  0.01000000      0.000031871600
  0.00000000  0.00500000  0.00000000  0.00000000  0.00000000 -0.01000000      0.000031871600
  0.00000000  0.00500000  0.00000000  0.00000000  0.00500000  0.00000000      0.000030585300
  0.00000000  0.00500000  0.00000000  0.00000000  0.00500000  0.01000000      0.000033025800
  0.00000000  0.00500000  0.00000000  0.00000000  0.00500000 -0.01000000      0.000033025800
  0.00000000  0.00500000  0.00000000  0.00000000  0.01000000  0.00000000      0.000033526600
  0.00000000  0.00500000  0.00000000  0.00000000  0.01500000  0.00000000      0.000038249800
  0.00000000  0.00500000  0.00000000  0.00500000 -0.01000000  0.00000000      0.000037205100
  0.00000000  0.00500000  0.00000000  0.00500000 -0.00500000  0.00000000      0.000035222800
  0.00000000  0.00500000  0.00000000  0.00500000  0.00000000  0.00000000      0.000035032400
  0.00000000  0.00500000  0.00000000  0.00500000  0.00000000  0.01000000      0.000037474400
  0.00000000  0.00500000  0.00000000  0.00500000  0.00000000 -0.01000000      0.000037474400
  0.00000000  0.00500000  0.00000000  0.00500000  0.00500000  0.00000000      0.000036630200
  0.00000000  0.00500000  0.00000000  0.00500000  0.01000000  0.00000000      0.000040012600
  0.00000000  0.00500000  0.00000000  0.01000000 -0.00500000  0.00000000      0.000043416700
  0.00000000  0.00500000  0.00000000  0.01000000  0.00000000  0.00000000      0.000043666800
  0.00000000  0.00500000  0.00000000  0.01000000  0.00500000  0.00000000      0.000045704900
  0.00000000  0.00500000  0.00000000  0.01500000  0.00000000  0.00000000      0.000055310900
  0.00000000  0.00500000  0.00500000 -0.01000000  0.00000000  0.00000000      0.000038454900
  0.00000000  0.00500000  0.00500000 -0.00500000 -0.00500000  0.00000000      0.000040760300
  0.00000000  0.00500000  0.00500000 -0.00500000  0.00000000  0.00000000      0.000039737000
  0.00000000  0.00500000  0.00500000 -0.00500000  0.00500000  0.00000000      0.000040501800
  0.00000000  0.00500000  0.00500000  0.00000000 -0.01000000  0.00000000      0.000047033100
  0.00000000  0.00500000  0.00500000  0.00000000 -0.00500000  0.00000000      0.000044661100
  0.00000000  0.00500000  0.00500000  0.00000000  0.00000000  0.00000000      0.000044080700
  0.00000000  0.00500000  0.00500000  0.00000000  0.00000000  0.01000000      0.000046522100
  0.00000000  0.00500000  0.00500000  0.00000000  0.00000000 -0.01000000      0.000046522100
  0.00000000  0.00500000  0.00500000  0.00000000  0.00500000  0.00000000      0.000045288000
  0.00000000  0.00500000  0.00500000  0.00000000  0.01000000  0.00000000      0.000048279800
  0.00000000  0.00500000  0.00500000  0.00500000 -0.00500000  0.00000000      0.000051603400
  0.00000000  0.00500000  0.00500000  0.00500000  0.00000000  0.00000000      0.000051464800
  0.00000000  0.00500000  0.00500000  0.00500000  0.00500000  0.00000000      0.000053113900
  0.00000000  0.00500000  0.00500000  0.01000000  0.00000000  0.00000000      0.000061868400
  0.00000000  0.00500000  0.01000000 -0.00500000  0.00000000  0.00000000      0.000078582000
  0.00000000  0.00500000  0.01000000  0.00000000 -0.00500000  0.00000000      0.000085233100
  0.00000000  0.00500000  0.01000000  0.00000000  0.00000000  0.00000000      0.000084702500
  0.00000000  0.00500000  0.01000000  0.00000000  0.00500000  0.00000000      0.000085959300
  0.00000000  0.00500000  0.01000000  0.00500000  0.00000000  0.00000000      0.000093852000
  0.00000000  0.00500000  0.01500000  0.00000000  0.00000000  0.00000000      0.000150941200
  0.00000000  0.01000000 -0.01000000  0.00000000  0.00000000  0.00000000      0.000148056900
  0.00000000  0.01000000 -0.00500000 -0.00500000  0.00000000  0.00000000      0.000105812800
  0.00000000  0.01000000 -0.00500000  0.00000000 -0.00500000  0.00000000      0.000110497900
  0.00000000  0.01000000 -0.00500000  0.00000000  0.00000000  0.00000000      0.000110148500
  0.00000000  0.01000000 -0.00500000  0.00000000  0.00500000  0.00000000      0.000111575500
  0.00000000  0.01000000 -0.00500000  0.00500000  0.00000000  0.00000000      0.000117553100
  0.00000000  0.01000000  0.00000000 -0.01000000  0.00000000  0.00000000      0.000089727100
  0.00000000  0.01000000  0.00000000 -0.00500000 -0.00500000  0.00000000      0.000093508300
  0.00000000  0.01000000  0.00000000 -0.00500000  0.00000000  0.00000000      0.000092768600
  0.00000000  0.01000000  0.00000000 -0.00500000  0.00500000  0.00000000      0.000093805200
  0.00000000  0.01000000  0.00000000  0.00000000 -0.01000000  0.00000000      0.000101264500
  0.00000000  0.01000000  0.00000000  0.00000000 -0.00500000  0.00000000      0.000099186800
  0.00000000  0.01000000  0.00000000  0.00000000  0.00000000  0.00000000      0.000098888800
  0.00000000  0.01000000  0.00000000  0.00000000  0.00000000  0.01000000      0.000101316700
  0.00000000  0.01000000  0.00000000  0.00000000  0.00000000 -0.01000000      0.000101316700
  0.00000000  0.01000000  0.00000000  0.00000000  0.00500000  0.00000000      0.000100366600
  0.00000000  0.01000000  0.00000000  0.00000000  0.01000000  0.00000000      0.000103617000
  0.00000000  0.01000000  0.00000000  0.00500000 -0.00500000  0.00000000      0.000107923800
  0.00000000  0.01000000  0.00000000  0.00500000  0.00000000  0.00000000      0.000108066400
  0.00000000  0.01000000  0.00000000  0.00500000  0.00500000  0.00000000      0.000109984800
  0.00000000  0.01000000  0.00000000  0.01000000  0.00000000  0.00000000      0.000120280600
  0.00000000  0.01000000  0.00500000 -0.00500000  0.00000000  0.00000000      0.000106035900
  0.00000000  0.01000000  0.00500000  0.00000000 -0.00500000  0.00000000      0.000114173600
  0.00000000  0.01000000  0.00500000  0.00000000  0.00000000  0.00000000      0.000113925300
  0.00000000  0.01000000  0.00500000  0.00000000  0.00500000  0.00000000      0.000115452400
  0.00000000  0.01000000  0.00500000  0.00500000  0.00000000  0.00000000      0.000124860800
  0.00000000  0.01000000  0.01000000  0.00000000  0.00000000  0.00000000      0.000154905400
  0.00000000  0.01500000 -0.00500000  0.00000000  0.00000000  0.00000000      0.000218226200
  0.00000000  0.01500000  0.00000000 -0.00500000  0.00000000  0.00000000      0.000197710300
  0.00000000  0.01500000  0.00000000  0.00000000 -0.00500000  0.00000000      0.000207334100
  0.00000000  0.01500000  0.00000000  0.00000000  0.00000000  0.00000000      0.000207356600
  0.00000000  0.01500000  0.00000000  0.00000000  0.00500000  0.00000000      0.000209142600
  0.00000000  0.01500000  0.00000000  0.00500000  0.00000000  0.00000000      0.000220065600
  0.00000000  0.01500000  0.00500000  0.00000000  0.00000000  0.00000000      0.000222756600
  0.00000000  0.02000000  0.00000000  0.00000000  0.00000000  0.00000000      0.000353833300
  0.00500000 -0.01500000  0.00000000  0.00000000  0.00000000  0.00000000      0.000183642400
  0.00500000 -0.01000000 -0.00500000  0.00000000  0.00000000  0.00000000      0.000106377600
  0.00500000 -0.01000000  0.00000000 -0.00500000  0.00000000  0.00000000      0.000102863400
  0.00500000 -0.01000000  0.00000000  0.00000000 -0.00500000  0.00000000      0.000095188300
  0.00500000 -0.01000000  0.00000000  0.00000000  0.00000000  0.00000000      0.000093920900
  0.00500000 -0.01000000  0.00000000  0.00000000  0.00500000  0.00000000      0.000094463900
  0.00500000 -0.01000000  0.00000000  0.00500000  0.00000000  0.00000000      0.000088003800
  0.00500000 -0.01000000  0.00500000  0.00000000  0.00000000  0.00000000      0.000107868100
  0.00500000 -0.00500000 -0.01000000  0.00000000  0.00000000  0.00000000      0.000098036300
  0.00500000 -0.00500000 -0.00500000 -0.00500000  0.00000000  0.00000000      0.000066423200
  0.00500000 -0.00500000 -0.00500000  0.00000000 -0.00500000  0.00000000      0.000060277300
  0.00500000 -0.00500000 -0.00500000  0.00000000  0.00000000  0.00000000      0.000059329000
  0.00500000 -0.00500000 -0.00500000  0.00000000  0.00500000  0.00000000      0.000060178800
  0.00500000 -0.00500000 -0.00500000  0.00500000  0.00000000  0.00000000      0.000055278300
  0.00500000 -0.00500000  0.00000000 -0.01000000  0.00000000  0.00000000      0.000060879000
  0.00500000 -0.00500000  0.00000000 -0.00500000 -0.00500000  0.00000000      0.000053923300
  0.00500000 -0.00500000  0.00000000 -0.00500000  0.00000000  0.00000000      0.000052588400
  0.00500000 -0.00500000  0.00000000 -0.00500000  0.00500000  0.00000000      0.000053051400
  0.00500000 -0.00500000  0.00000000  0.00000000 -0.01000000  0.00000000      0.000050937300
  0.00500000 -0.00500000  0.00000000  0.00000000 -0.00500000  0.00000000      0.000048243500
  0.00500000 -0.00500000  0.00000000  0.00000000  0.00000000  0.00000000      0.000047351200
  0.00500000 -0.00500000  0.00000000  0.00000000  0.00000000  0.01000000      0.000049808100
  0.00500000 -0.00500000  0.00000000  0.00000000  0.00000000 -0.01000000      0.000049808100
  0.00500000 -0.00500000  0.00000000  0.00000000  0.00500000  0.00000000      0.000048256600
  0.00500000 -0.00500000  0.00000000  0.00000000  0.01000000  0.00000000      0.000050956200
  0.00500000 -0.00500000  0.00000000  0.00500000 -0.00500000  0.00000000      0.000045596300
  0.00500000 -0.00500000  0.00000000  0.00500000  0.00000000  0.00000000      0.000045145500
  0.00500000 -0.00500000  0.00000000  0.00500000  0.00500000  0.00000000      0.000046492200
  0.00500000 -0.00500000  0.00000000  0.01000000  0.00000000  0.00000000      0.000045949700
  0.00500000 -0.00500000  0.00500000 -0.00500000  0.00000000  0.00000000      0.000065144600
  0.00500000 -0.00500000  0.00500000  0.00000000 -0.00500000  0.00000000      0.000062587000
  0.00500000 -0.00500000  0.00500000  0.00000000  0.00000000  0.00000000      0.000061749100
  0.00500000 -0.00500000  0.00500000  0.00000000  0.00500000  0.00000000      0.000062708400
  0.00500000 -0.00500000  0.00500000  0.00500000  0.00000000  0.00000000      0.000061373200
  0.00500000 -0.00500000  0.01000000  0.00000000  0.00000000  0.00000000      0.000102168600
  0.00500000  0.00000000 -0.01500000  0.00000000  0.00000000  0.00000000      0.000157856700
  0.00500000  0.00000000 -0.01000000 -0.00500000  0.00000000  0.00000000      0.000097836300
  0.00500000  0.00000000 -0.01000000  0.00000000 -0.00500000  0.00000000      0.000093220600
  0.00500000  0.00000000 -0.01000000  0.00000000  0.00000000  0.00000000      0.000092578800
  0.00500000  0.00000000 -0.01000000  0.00000000  0.00500000  0.00000000      0.000093723200
  0.00500000  0.00000000 -0.01000000  0.00500000  0.00000000  0.00000000      0.000090382500
  0.00500000  0.00000000 -0.00500000 -0.01000000  0.00000000  0.00000000      0.000064243500
  0.00500000  0.00000000 -0.00500000 -0.00500000 -0.00500000  0.00000000      0.000058791300
  0.00500000  0.00000000 -0.00500000 -0.00500000  0.00000000  0.00000000      0.000057763800
  0.00500000  0.00000000 -0.00500000 -0.00500000  0.00500000  0.00000000      0.000058522300
  0.00500000  0.00000000 -0.00500000  0.00000000 -0.01000000  0.00000000      0.000057316500
  0.00500000  0.00000000 -0.00500000  0.00000000 -0.00500000  0.00000000      0.000054941200
  0.00500000  0.00000000 -0.00500000  0.00000000  0.00000000  0.00000000      0.000054355300
  0.00500000  0.00000000 -0.00500000  0.00000000  0.00000000  0.01000000      0.000056798100
  0.00500000  0.00000000 -0.00500000  0.00000000  0.00000000 -0.01000000      0.000056798100
  0.00500000  0.00000000 -0.00500000  0.00000000  0.00500000  0.00000000      0.000055555100
  0.00500000  0.00000000 -0.00500000  0.00000000  0.01000000  0.00000000      0.000058537000
  0.00500000  0.00000000 -0.00500000  0.00500000 -0.00500000  0.00000000      0.000054141500
  0.00500000  0.00000000 -0.00500000  0.00500000  0.00000000  0.00000000      0.000053996200
  0.00500000  0.00000000 -0.00500000  0.00500000  0.00500000  0.00000000      0.000055636200
  0.00500000  0.00000000 -0.00500000  0.01000000  0.00000000  0.00000000      0.000056664700
  0.00500000  0.00000000  0.00000000 -0.01500000  0.00000000  0.00000000      0.000056756300
  0.00500000  0.00000000  0.00000000 -0.01000000 -0.00500000  0.00000000      0.000050458100
  0.00500000  0.00000000  0.00000000 -0.01000000  0.00000000  0.00000000      0.000049041700
  0.00500000  0.00000000  0.00000000 -0.01000000  0.00500000  0.00000000      0.000049411000
  0.00500000  0.00000000  0.00000000 -0.00500000 -0.01000000  0.00000000      0.000048144000
  0.00500000  0.00000000  0.00000000 -0.00500000 -0.00500000  0.00000000      0.000045381400
  0.00500000  0.00000000  0.00000000 -0.00500000  0.00000000  0.00000000      0.000044407900
  0.00500000  0.00000000  0.00000000 -0.00500000  0.00000000  0.01000000      0.000046850000
  0.00500000  0.00000000  0.00000000 -0.00500000  0.00000000 -0.01000000      0.000046850000
  0.00500000  0.00000000  0.00000000 -0.00500000  0.00500000  0.00000000      0.000045219700
  0.00500000  0.00000000  0.00000000 -0.00500000  0.01000000  0.00000000      0.000047813400
  0.00500000  0.00000000  0.00000000  0.00000000 -0.01500000  0.00000000      0.000049798500
  0.00500000  0.00000000  0.00000000  0.00000000 -0.01000000  0.00000000      0.000045685200
  0.00500000  0.00000000  0.00000000  0.00000000 -0.00500000  0.00000000      0.000043364800
  0.00500000  0.00000000  0.00000000  0.00000000 -0.00500000  0.01000000      0.000045808600
  0.00500000  0.00000000  0.00000000  0.00000000 -0.00500000 -0.01000000      0.000045808600
  0.00500000  0.00000000  0.00000000  0.00000000  0.00000000  0.00000000      0.000042833100
  0.00500000  0.00000000  0.00000000  0.00000000  0.00000000  0.01000000      0.000045274700
  0.00500000  0.00000000  0.00000000  0.00000000  0.00000000 -0.01000000      0.000045274700
  0.00500000  0.00000000  0.00000000  0.00000000  0.00500000  0.00000000      0.000044086600
  0.00500000  0.00000000  0.00000000  0.00000000  0.00500000  0.01000000      0.000046525900
  0.00500000  0.00000000  0.00000000  0.00000000  0.00500000 -0.01000000      0.000046525900
  0.00500000  0.00000000  0.00000000  0.00000000  0.01000000  0.00000000      0.000047121700
  0.00500000  0.00000000  0.00000000  0.00000000  0.01500000  0.00000000      0.000051935300
  0.00500000  0.00000000  0.00000000  0.00500000 -0.01000000  0.00000000      0.000046266000
  0.00500000  0.00000000  0.00000000  0.00500000 -0.00500000  0.00000000      0.000044386700
  0.00500000  0.00000000  0.00000000  0.00500000  0.00000000  0.00000000      0.000044295900
  0.00500000  0.00000000  0.00000000  0.00500000  0.00000000  0.01000000      0.000046736900
  0.00500000  0.00000000  0.00000000  0.00500000  0.00000000 -0.01000000      0.000046736900
  0.00500000  0.00000000  0.00000000  0.00500000  0.00500000  0.00000000      0.000045990100
  0.00500000  0.00000000  0.00000000  0.00500000  0.01000000  0.00000000      0.000049465600
  0.00500000  0.00000000  0.00000000  0.01000000 -0.00500000  0.00000000      0.000048425700
  0.00500000  0.00000000  0.00000000  0.01000000  0.00000000  0.00000000      0.000048774800
  0.00500000  0.00000000  0.00000000  0.01000000  0.00500000  0.00000000      0.000050908600
  0.00500000  0.00000000  0.00000000  0.01500000  0.00000000  0.00000000      0.000056248400
  0.00500000  0.00000000  0.00500000 -0.01000000  0.00000000  0.00000000      0.000060218400
  0.00500000  0.00000000  0.00500000 -0.00500000 -0.00500000  0.00000000      0.000058336300
  0.00500000  0.00000000  0.00500000 -0.00500000  0.00000000  0.00000000      0.000057415000
  0.00500000  0.00000000  0.00500000 -0.00500000  0.00500000  0.00000000      0.000058278600
  0.00500000  0.00000000  0.00500000  0.00000000 -0.01000000  0.00000000      0.000060405000
  0.00500000  0.00000000  0.00500000  0.00000000 -0.00500000  0.00000000      0.000058137800
  0.00500000  0.00000000  0.00500000  0.00000000  0.00000000  0.00000000      0.000057658800
  0.00500000  0.00000000  0.00500000  0.00000000  0.00000000  0.01000000      0.000060099100
  0.00500000  0.00000000  0.00500000  0.00000000  0.00000000 -0.01000000      0.000060099100
  0.00500000  0.00000000  0.00500000  0.00000000  0.00500000  0.00000000      0.000058964300
  0.00500000  0.00000000  0.00500000  0.00000000  0.01000000  0.00000000      0.000062051000
  0.00500000  0.00000000  0.00500000  0.00500000 -0.00500000  0.00000000      0.000060966000
  0.00500000  0.00000000  0.00500000  0.00500000  0.00000000  0.00000000      0.000060928300
  0.00500000  0.00000000  0.00500000  0.00500000  0.00500000  0.00000000      0.000062674900
  0.00500000  0.00000000  0.00500000  0.01000000  0.00000000  0.00000000      0.000067202400
  0.00500000  0.00000000  0.01000000 -0.00500000  0.00000000  0.00000000      0.000096431800
  0.00500000  0.00000000  0.01000000  0.00000000 -0.00500000  0.00000000      0.000098906600
  0.00500000  0.00000000  0.01000000  0.00000000  0.00000000  0.00000000      0.000098478700
  0.00500000  0.00000000  0.01000000  0.00000000  0.00500000  0.00000000      0.000099834700
  0.00500000  0.00000000  0.01000000  0.00500000  0.00000000  0.00000000      0.000103539700
  0.00500000  0.00000000  0.01500000  0.00000000  0.00000000  0.00000000      0.000164939100
  0.00500000  0.00500000 -0.01000000  0.00000000  0.00000000  0.00000000      0.000128145500
  0.00500000  0.00500000 -0.00500000 -0.00500000  0.00000000  0.00000000      0.000090148300
  0.00500000  0.00500000 -0.00500000  0.00000000 -0.00500000  0.00000000      0.000090620000
  0.00500000  0.00500000 -0.00500000  0.00000000  0.00000000  0.00000000      0.000090382600
  0.00500000  0.00500000 -0.00500000  0.00000000  0.00500000  0.00000000      0.000091918200
  0.00500000  0.00500000 -0.00500000  0.00500000  0.00000000  0.00000000      0.000093671800
  0.00500000  0.00500000  0.00000000 -0.01000000  0.00000000  0.00000000      0.000078267900
  0.00500000  0.00500000  0.00000000 -0.00500000 -0.00500000  0.00000000      0.000077874300
  0.00500000  0.00500000  0.00000000 -0.00500000  0.00000000  0.00000000      0.000077248100
  0.00500000  0.00500000  0.00000000 -0.00500000  0.00500000  0.00000000      0.000078394800
  0.00500000  0.00500000  0.00000000  0.00000000 -0.01000000  0.00000000      0.000081439400
  0.00500000  0.00500000  0.00000000  0.00000000 -0.00500000  0.00000000      0.000079478100
  0.00500000  0.00500000  0.00000000  0.00000000  0.00000000  0.00000000      0.000079293100
  0.00500000  0.00500000  0.00000000  0.00000000  0.00000000  0.01000000      0.000081719500
  0.00500000  0.00500000  0.00000000  0.00000000  0.00000000 -0.01000000      0.000081719500
  0.00500000  0.00500000  0.00000000  0.00000000  0.00500000  0.00000000      0.000080880600
  0.00500000  0.00500000  0.00000000  0.00000000  0.01000000  0.00000000      0.000084237300
  0.00500000  0.00500000  0.00000000  0.00500000 -0.00500000  0.00000000      0.000084126300
  0.00500000  0.00500000  0.00000000  0.00500000  0.00000000  0.00000000      0.000084381400
  0.00500000  0.00500000  0.00000000  0.00500000  0.00500000  0.00000000      0.000086408900
  0.00500000  0.00500000  0.00000000  0.01000000  0.00000000  0.00000000      0.000092491900
  0.00500000  0.00500000  0.00500000 -0.00500000  0.00000000  0.00000000      0.000090683700
  0.00500000  0.00500000  0.00500000  0.00000000 -0.00500000  0.00000000      0.000094658200
  0.00500000  0.00500000  0.00500000  0.00000000  0.00000000  0.00000000      0.000094524100
  0.00500000  0.00500000  0.00500000  0.00000000  0.00500000  0.00000000      0.000096161900
  0.00500000  0.00500000  0.00500000  0.00500000  0.00000000  0.00000000      0.000101396200
  0.00500000  0.00500000  0.01000000  0.00000000  0.00000000  0.00000000      0.000135722300
  0.00500000  0.01000000 -0.00500000  0.00000000  0.00000000  0.00000000      0.000166362200
  0.00500000  0.01000000  0.00000000 -0.00500000  0.00000000  0.00000000      0.000150061300
  0.00500000  0.01000000  0.00000000  0.00000000 -0.00500000  0.00000000      0.000155535400
  0.00500000  0.01000000  0.00000000  0.00000000  0.00000000  0.00000000      0.000155683200
  0.00500000  0.01000000  0.00000000  0.00000000  0.00500000  0.00000000      0.000157591200
  0.00500000  0.01000000  0.00000000  0.00500000  0.00000000  0.00000000      0.000164354200
  0.00500000  0.01000000  0.00500000  0.00000000  0.00000000  0.00000000      0.000171297700
  0.00500000  0.01500000  0.00000000  0.00000000  0.00000000  0.00000000      0.000270980800
  0.01000000 -0.01000000  0.00000000  0.00000000  0.00000000  0.00000000      0.000179082900
  0.01000000 -0.00500000 -0.00500000  0.00000000  0.00000000  0.00000000      0.000151130300
  0.01000000 -0.00500000  0.00000000 -0.00500000  0.00000000  0.00000000      0.000145504800
  0.01000000 -0.00500000  0.00000000  0.00000000 -0.00500000  0.00000000      0.000140182500
  0.01000000 -0.00500000  0.00000000  0.00000000  0.00000000  0.00000000      0.000139737900
  0.01000000 -0.00500000  0.00000000  0.00000000  0.00500000  0.00000000      0.000141075400
  0.01000000 -0.00500000  0.00000000  0.00500000  0.00000000  0.00000000      0.000136993500
  0.01000000 -0.00500000  0.00500000  0.00000000  0.00000000  0.00000000      0.000154718400
  0.01000000  0.00000000 -0.01000000  0.00000000  0.00000000  0.00000000      0.000190917000
  0.01000000  0.00000000 -0.00500000 -0.00500000  0.00000000  0.00000000      0.000157213300
  0.01000000  0.00000000 -0.00500000  0.00000000 -0.00500000  0.00000000      0.000153419000
  0.01000000  0.00000000 -0.00500000  0.00000000  0.00000000  0.00000000      0.000153280600
  0.01000000  0.00000000 -0.00500000  0.00000000  0.00500000  0.00000000      0.000154912100
  0.01000000  0.00000000 -0.00500000  0.00500000  0.00000000  0.00000000      0.000152388200
  0.01000000  0.00000000  0.00000000 -0.01000000  0.00000000  0.00000000      0.000149584200
  0.01000000  0.00000000  0.00000000 -0.00500000 -0.00500000  0.00000000      0.000144963700
  0.01000000  0.00000000  0.00000000 -0.00500000  0.00000000  0.00000000      0.000144438300
  0.01000000  0.00000000  0.00000000 -0.00500000  0.00500000  0.00000000      0.000145682600
  0.01000000  0.00000000  0.00000000  0.00000000 -0.01000000  0.00000000      0.000144285400
  0.01000000  0.00000000  0.00000000  0.00000000 -0.00500000  0.00000000      0.000142427500
  0.01000000  0.00000000  0.00000000  0.00000000  0.00000000  0.00000000      0.000142342700
  0.01000000  0.00000000  0.00000000  0.00000000  0.00000000  0.01000000      0.000144768200
  0.01000000  0.00000000  0.00000000  0.00000000  0.00000000 -0.01000000      0.000144768200
  0.01000000  0.00000000  0.00000000  0.00000000  0.00500000  0.00000000      0.000144027200
  0.01000000  0.00000000  0.00000000  0.00000000  0.01000000  0.00000000      0.000147477700
  0.01000000  0.00000000  0.00000000  0.00500000 -0.00500000  0.00000000      0.000142920900
  0.01000000  0.00000000  0.00000000  0.00500000  0.00000000  0.00000000      0.000143275600
  0.01000000  0.00000000  0.00000000  0.00500000  0.00500000  0.00000000      0.000145399400
  0.01000000  0.00000000  0.00000000  0.01000000  0.00000000  0.00000000      0.000147215600
  0.01000000  0.00000000  0.00500000 -0.00500000  0.00000000  0.00000000      0.000158023700
  0.01000000  0.00000000  0.00500000  0.00000000 -0.00500000  0.00000000      0.000157782700
  0.01000000  0.00000000  0.00500000  0.00000000  0.00000000  0.00000000      0.000157749800
  0.01000000  0.00000000  0.00500000  0.00000000  0.00500000  0.00000000      0.000159485800
  0.01000000  0.00000000  0.00500000  0.00500000  0.00000000  0.00000000      0.000160492800
  0.01000000  0.00000000  0.01000000  0.00000000  0.00000000  0.00000000      0.000199148400
  0.01000000  0.00500000 -0.00500000  0.00000000  0.00000000  0.00000000      0.000196330200
  0.01000000  0.00500000  0.00000000 -0.00500000  0.00000000  0.00000000      0.000184291200
  0.01000000  0.00500000  0.00000000  0.00000000 -0.00500000  0.00000000      0.000185563100
  0.01000000  0.00500000  0.00000000  0.00000000  0.00000000  0.00000000      0.000185823900
  0.01000000  0.00500000  0.00000000  0.00000000  0.00500000  0.00000000      0.000187841500
  0.01000000  0.00500000  0.00000000  0.00500000  0.00000000  0.00000000      0.000190391100
  0.01000000  0.00500000  0.00500000  0.00000000  0.00000000  0.00000000      0.000201635200
  0.01000000  0.01000000  0.00000000  0.00000000  0.00000000  0.00000000      0.000269134200
  0.01500000 -0.00500000  0.00000000  0.00000000  0.00000000  0.00000000      0.000287255800
  0.01500000  0.00000000 -0.00500000  0.00000000  0.00000000  0.00000000      0.000307326500
  0.01500000  0.00000000  0.00000000 -0.00500000  0.00000000  0.00000000      0.000299596600
  0.01500000  0.00000000  0.00000000  0.00000000 -0.00500000  0.00000000      0.000296613200
  0.01500000  0.00000000  0.00000000  0.00000000  0.00000000  0.00000000      0.000296974000
  0.01500000  0.00000000  0.00000000  0.00000000  0.00500000  0.00000000      0.000299088600
  0.01500000  0.00000000  0.00000000  0.00500000  0.00000000  0.00000000      0.000297371000
  0.01500000  0.00000000  0.00500000  0.00000000  0.00000000  0.00000000      0.000312963800
  0.01500000  0.00500000  0.00000000  0.00000000  0.00000000  0.00000000      0.000347467100
  0.02000000  0.00000000  0.00000000  0.00000000  0.00000000  0.00000000      0.000505205400
UNKNOWNS
 148
FUNCTION
   0    1    0    0    0    0    2    1    0    1    0    0    1    0    0    0
   1    0    0    0    0    0    3    2    1    0    2    1    0    1    0    0
   2    1    0    1    0    0    1    0    0    0    2    1    0    1    0    0
   1    0    0    0    1    0    0    0    0    1    0    0    0    0    4    3
   2    1    0    3    2    1    0    2    1    0    1    0    0    3    2    1
   0    2    1    0    1    0    0    2    1    0    1    0    0    1    0    0
   0    3    2    1    0    2    1    0    1    0    0    2    1    0    1    0
   0    1    0    0    0    2    1    0    1    0    0    1    0    0    0    1
   0    0    0    0    2    1    0    1    0    0    1    0    0    0    1    0
   0    0    0    0
   0    0    1    0    0    0    0    1    2    0    1    0    0    1    0    0
   0    1    0    0    0    0    0    1    2    3    0    1    2    0    1    0
   0    1    2    0    1    0    0    1    0    0    0    1    2    0    1    0
   0    1    0    0    0    1    0    0    0    0    1    0    0    0    0    1
   2    3    4    0    1    2    3    0    1    2    0    1    0    0    1    2
   3    0    1    2    0    1    0    0    1    2    0    1    0    0    1    0
   0    0    1    2    3    0    1    2    0    1    0    0    1    2    0    1
   0    0    1    0    0    0    1    2    0    1    0    0    1    0    0    0
   1    0    0    0    0    1    2    0    1    0    0    1    0    0    0    1
   0    0    0    0
   0    0    0    1    0    0    0    0    0    1    1    2    0    0    1    0
   0    0    1    0    0    0    0    0    0    0    1    1    1    2    2    3
   0    0    0    1    1    2    0    0    1    0    0    0    0    1    1    2
   0    0    1    0    0    0    1    0    0    0    0    1    0    0    0    0
   0    0    0    1    1    1    1    2    2    2    3    3    4    0    0    0
   0    1    1    1    2    2    3    0    0    0    1    1    2    0    0    1
   0    0    0    0    0    1    1    1    2    2    3    0    0    0    1    1
   2    0    0    1    0    0    0    0    1    1    2    0    0    1    0    0
   0    1    0    0    0    0    0    1    1    2    0    0    1    0    0    0
   1    0    0    0
   0    0    0    0    1    0    0    0    0    0    0    0    1    1    1    2
   0    0    0    1    0    0    0    0    0    0    0    0    0    0    0    0
   1    1    1    1    1    1    2    2    2    3    0    0    0    0    0    0
   1    1    1    2    0    0    0    1    0    0    0    0    1    0    0    0
   0    0    0    0    0    0    0    0    0    0    0    0    0    1    1    1
   1    1    1    1    1    1    1    2    2    2    2    2    2    3    3    3
   4    0    0    0    0    0    0    0    0    0    0    1    1    1    1    1
   1    2    2    2    3    0    0    0    0    0    0    1    1    1    2    0
   0    0    1    0    0    0    0    0    0    0    1    1    1    2    0    0
   0    1    0    0
   0    0    0    0    0    1    0    0    0    0    0    0    0    0    0    0
   1    1    1    1    2    0    0    0    0    0    0    0    0    0    0    0
   0    0    0    0    0    0    0    0    0    0    1    1    1    1    1    1
   1    1    1    1    2    2    2    2    3    0    0    0    0    1    0    0
   0    0    0    0    0    0    0    0    0    0    0    0    0    0    0    0
   0    0    0    0    0    0    0    0    0    0    0    0    0    0    0    0
   0    1    1    1    1    1    1    1    1    1    1    1    1    1    1    1
   1    1    1    1    1    2    2    2    2    2    2    2    2    2    2    3
   3    3    3    4    0    0    0    0    0    0    0    0    0    0    1    1
   1    1    2    0
   0    0    0    0    0    0    0    0    0    0    0    0    0    0    0    0
   0    0    0    0    0    2    0    0    0    0    0    0    0    0    0    0
   0    0    0    0    0    0    0    0    0    0    0    0    0    0    0    0
   0    0    0    0    0    0    0    0    0    2    2    2    2    2    0    0
   0    0    0    0    0    0    0    0    0    0    0    0    0    0    0    0
   0    0    0    0    0    0    0    0    0    0    0    0    0    0    0    0
   0    0    0    0    0    0    0    0    0    0    0    0    0    0    0    0
   0    0    0    0    0    0    0    0    0    0    0    0    0    0    0    0
   0    0    0    0    2    2    2    2    2    2    2    2    2    2    2    2
   2    2    2    4
