DISP 129
    1        0.0000000000
    0  
    1       -0.0200000000
    0  
    1       -0.0150000000
    2       -0.0050000000
    0  
    1       -0.0150000000
    3       -0.0050000000
    0  
    1       -0.0150000000
    0  
    1       -0.0150000000
    3        0.0050000000
    0  
    1       -0.0150000000
    2        0.0050000000
    0  
    1       -0.0100000000
    2       -0.0100000000
    0  
    1       -0.0100000000
    2       -0.0050000000
    3       -0.0050000000
    0  
    1       -0.0100000000
    2       -0.0050000000
    0  
    1       -0.0100000000
    2       -0.0050000000
    3        0.0050000000
    0  
    1       -0.0100000000
    3       -0.0100000000
    0  
    1       -0.0100000000
    3       -0.0050000000
    0  
    1       -0.0100000000
    0  
    1       -0.0100000000
    3        0.0050000000
    0  
    1       -0.0100000000
    3        0.0100000000
    0  
    1       -0.0100000000
    2        0.0050000000
    3       -0.0050000000
    0  
    1       -0.0100000000
    2        0.0050000000
    0  
    1       -0.0100000000
    2        0.0050000000
    3        0.0050000000
    0  
    1       -0.0100000000
    2        0.0100000000
    0  
    1       -0.0050000000
    2       -0.0150000000
    0  
    1       -0.0050000000
    2       -0.0100000000
    3       -0.0050000000
    0  
    1       -0.0050000000
    2       -0.0100000000
    0  
    1       -0.0050000000
    2       -0.0100000000
    3        0.0050000000
    0  
    1       -0.0050000000
    2       -0.0050000000
    3       -0.0100000000
    0  
    1       -0.0050000000
    2       -0.0050000000
    3       -0.0050000000
    0  
    1       -0.0050000000
    2       -0.0050000000
    0  
    1       -0.0050000000
    2       -0.0050000000
    3        0.0050000000
    0  
    1       -0.0050000000
    2       -0.0050000000
    3        0.0100000000
    0  
    1       -0.0050000000
    3       -0.0150000000
    0  
    1       -0.0050000000
    3       -0.0100000000
    0  
    1       -0.0050000000
    3       -0.0050000000
    0  
    1       -0.0050000000
    0  
    1       -0.0050000000
    3        0.0050000000
    0  
    1       -0.0050000000
    3        0.0100000000
    0  
    1       -0.0050000000
    3        0.0150000000
    0  
    1       -0.0050000000
    2        0.0050000000
    3       -0.0100000000
    0  
    1       -0.0050000000
    2        0.0050000000
    3       -0.0050000000
    0  
    1       -0.0050000000
    2        0.0050000000
    0  
    1       -0.0050000000
    2        0.0050000000
    3        0.0050000000
    0  
    1       -0.0050000000
    2        0.0050000000
    3        0.0100000000
    0  
    1       -0.0050000000
    2        0.0100000000
    3       -0.0050000000
    0  
    1       -0.0050000000
    2        0.0100000000
    0  
    1       -0.0050000000
    2        0.0100000000
    3        0.0050000000
    0  
    1       -0.0050000000
    2        0.0150000000
    0  
    2       -0.0200000000
    0  
    2       -0.0150000000
    3       -0.0050000000
    0  
    2       -0.0150000000
    0  
    2       -0.0150000000
    3        0.0050000000
    0  
    2       -0.0100000000
    3       -0.0100000000
    0  
    2       -0.0100000000
    3       -0.0050000000
    0  
    2       -0.0100000000
    0  
    2       -0.0100000000
    3        0.0050000000
    0  
    2       -0.0100000000
    3        0.0100000000
    0  
    2       -0.0050000000
    3       -0.0150000000
    0  
    2       -0.0050000000
    3       -0.0100000000
    0  
    2       -0.0050000000
    3       -0.0050000000
    0  
    2       -0.0050000000
    0  
    2       -0.0050000000
    3        0.0050000000
    0  
    2       -0.0050000000
    3        0.0100000000
    0  
    2       -0.0050000000
    3        0.0150000000
    0  
    3       -0.0200000000
    0  
    3       -0.0150000000
    0  
    3       -0.0100000000
    0  
    3       -0.0050000000
    0  
    3        0.0050000000
    0  
    3        0.0100000000
    0  
    3        0.0150000000
    0  
    3        0.0200000000
    0  
    2        0.0050000000
    3       -0.0150000000
    0  
    2        0.0050000000
    3       -0.0100000000
    0  
    2        0.0050000000
    3       -0.0050000000
    0  
    2        0.0050000000
    0  
    2        0.0050000000
    3        0.0050000000
    0  
    2        0.0050000000
    3        0.0100000000
    0  
    2        0.0050000000
    3        0.0150000000
    0  
    2        0.0100000000
    3       -0.0100000000
    0  
    2        0.0100000000
    3       -0.0050000000
    0  
    2        0.0100000000
    0  
    2        0.0100000000
    3        0.0050000000
    0  
    2        0.0100000000
    3        0.0100000000
    0  
    2        0.0150000000
    3       -0.0050000000
    0  
    2        0.0150000000
    0  
    2        0.0150000000
    3        0.0050000000
    0  
    2        0.0200000000
    0  
    1        0.0050000000
    2       -0.0150000000
    0  
    1        0.0050000000
    2       -0.0100000000
    3       -0.0050000000
    0  
    1        0.0050000000
    2       -0.0100000000
    0  
    1        0.0050000000
    2       -0.0100000000
    3        0.0050000000
    0  
    1        0.0050000000
    2       -0.0050000000
    3       -0.0100000000
    0  
    1        0.0050000000
    2       -0.0050000000
    3       -0.0050000000
    0  
    1        0.0050000000
    2       -0.0050000000
    0  
    1        0.0050000000
    2       -0.0050000000
    3        0.0050000000
    0  
    1        0.0050000000
    2       -0.0050000000
    3        0.0100000000
    0  
    1        0.0050000000
    3       -0.0150000000
    0  
    1        0.0050000000
    3       -0.0100000000
    0  
    1        0.0050000000
    3       -0.0050000000
    0  
    1        0.0050000000
    0  
    1        0.0050000000
    3        0.0050000000
    0  
    1        0.0050000000
    3        0.0100000000
    0  
    1        0.0050000000
    3        0.0150000000
    0  
    1        0.0050000000
    2        0.0050000000
    3       -0.0100000000
    0  
    1        0.0050000000
    2        0.0050000000
    3       -0.0050000000
    0  
    1        0.0050000000
    2        0.0050000000
    0  
    1        0.0050000000
    2        0.0050000000
    3        0.0050000000
    0  
    1        0.0050000000
    2        0.0050000000
    3        0.0100000000
    0  
    1        0.0050000000
    2        0.0100000000
    3       -0.0050000000
    0  
    1        0.0050000000
    2        0.0100000000
    0  
    1        0.0050000000
    2        0.0100000000
    3        0.0050000000
    0  
    1        0.0050000000
    2        0.0150000000
    0  
    1        0.0100000000
    2       -0.0100000000
    0  
    1        0.0100000000
    2       -0.0050000000
    3       -0.0050000000
    0  
    1        0.0100000000
    2       -0.0050000000
    0  
    1        0.0100000000
    2       -0.0050000000
    3        0.0050000000
    0  
    1        0.0100000000
    3       -0.0100000000
    0  
    1        0.0100000000
    3       -0.0050000000
    0  
    1        0.0100000000
    0  
    1        0.0100000000
    3        0.0050000000
    0  
    1        0.0100000000
    3        0.0100000000
    0  
    1        0.0100000000
    2        0.0050000000
    3       -0.0050000000
    0  
    1        0.0100000000
    2        0.0050000000
    0  
    1        0.0100000000
    2        0.0050000000
    3        0.0050000000
    0  
    1        0.0100000000
    2        0.0100000000
    0  
    1        0.0150000000
    2       -0.0050000000
    0  
    1        0.0150000000
    3       -0.0050000000
    0  
    1        0.0150000000
    0  
    1        0.0150000000
    3        0.0050000000
    0  
    1        0.0150000000
    2        0.0050000000
    0  
    1        0.0200000000
    0
