# INTDER ##########################
    4    7    7    4    0    3    2    2    0    1    3    0    0    0    0    0
STRE     1    2
STRE     2    3
STRE     3    4
LIN1     1    2    3    5
LIN1     4    3    2    5
LIN1     1    2    3    6
LIN1     4    3    2    6
    1   1   1.000000000
    2   2   1.000000000
    3   3   1.000000000
    4   4   1.000000000
    5   5   1.000000000
    6   6   1.000000000
    7   7   1.000000000
    0
      0.000000000000     0.000000000000     0.000000000000
      0.000000000000     0.000000000000     3.114360645796
      0.000000000000     0.000000000000     5.372513303860
      0.000000000000     0.000000000000     7.393961524785
      1.889725988579     0.000000000000     0.000000000000
      0.000000000000     1.889725988579     0.000000000000
        AR40         C12         C12          H1
    1    1    0    0      4.524874096825
    2    1    0    0     -0.003061248195
    2    2    0    0     16.753422535428
    3    1    0    0     -0.025245436697
    3    2    0    0     -0.174122060832
    3    3    0    0      6.117647268871
    4    4    0    0      0.082193266149
    5    4    0    0     -0.125213945308
    5    5    0    0      0.300960883862
    6    6    0    0      0.082181978257
    7    6    0    0     -0.125199028407
    7    7    0    0      0.300953396498
    0
    1    1    1    0    -25.739165473088
    2    1    1    0     -0.715064160455
    2    2    1    0     -0.670457139081
    2    2    2    0    -99.510220168821
    3    1    1    0     -0.052630982997
    3    2    1    0     -0.080805760511
    3    2    2    0     -0.064500640163
    3    3    1    0     -0.015420397649
    3    3    2    0      0.242502514338
    3    3    3    0    -34.655320971295
    4    4    1    0     -0.541028575491
    4    4    2    0     -1.378389170724
    4    4    3    0     -0.035543168772
    5    4    1    0     -0.076627828474
    5    4    2    0     -0.357705586562
    5    4    3    0      0.015826984183
    5    5    1    0     -0.067434615089
    5    5    2    0     -0.897566931407
    5    5    3    0     -0.142274176788
    6    6    1    0     -0.541052288185
    6    6    2    0     -1.378588747155
    6    6    3    0     -0.035546287153
    7    6    1    0     -0.076547293723
    7    6    2    0     -0.357239101093
    7    6    3    0      0.015863382122
    7    7    1    0     -0.067403041474
    7    7    2    0     -0.897687508834
    7    7    3    0     -0.142303647119
    0
    1    1    1    1    122.198253569095
    2    1    1    1      2.739756192376
    2    2    1    1      0.022884764048
    2    2    2    1     -0.933033022443
    2    2    2    2    484.621866875819
    3    1    1    1     -0.796660393184
    3    2    1    1     -1.347266075385
    3    2    2    1     -1.142362388877
    3    2    2    2     -0.080276204497
    3    3    1    1     -0.233637474813
    3    3    2    1     -0.806600432498
    3    3    2    2     -1.097936470476
    3    3    3    1     -1.175908714953
    3    3    3    2     -1.645474512759
    3    3    3    3    177.055427908670
    4    4    1    1      1.971549032903
    4    4    2    1     -0.949131413148
    4    4    2    2      0.716080233168
    4    4    3    1      0.102740699774
    4    4    3    2     -0.998828374135
    4    4    3    3      0.210486608858
    4    4    4    4      1.901564231222
    5    4    1    1     -1.711008889027
    5    4    2    1      0.876688447321
    5    4    2    2      0.355766176967
    5    4    3    1     -1.720880450917
    5    4    3    2      0.660226089955
    5    4    3    3      0.644362310188
    5    4    4    4      0.473062957567
    5    5    1    1     -0.484837675523
    5    5    2    1     -2.771192542510
    5    5    2    2      0.697186997733
    5    5    3    1     -0.025088541136
    5    5    3    2      0.409867930928
    5    5    3    3     -0.638378476169
    5    5    4    4     -0.114956024054
    5    5    5    4     -0.651374729835
    5    5    5    5     -0.527680082635
    6    6    1    1      2.201461081010
    6    6    2    1     -0.953230458677
    6    6    2    2      0.914592256187
    6    6    3    1      0.086914189107
    6    6    3    2     -0.963092700152
    6    6    3    3      0.384783358291
    6    6    4    4      1.938020192554
    6    6    5    4     -1.534802208140
    6    6    5    5      0.471000376331
    6    6    6    6      2.201727182918
    7    6    1    1     -2.100324752214
    7    6    2    1      0.900725089489
    7    6    2    2      0.029398965245
    7    6    3    1     -1.746560944724
    7    6    3    2      0.719337067516
    7    6    3    3      0.306352195793
    7    6    4    4      1.714099750278
    7    6    5    4     -1.082981557248
    7    6    5    5     -0.020578127163
    7    6    6    6      0.086243898038
    7    7    1    1     -0.323579919559
    7    7    2    1     -2.813565716117
    7    7    2    2      0.834495582020
    7    7    3    1     -0.009336912093
    7    7    3    2      0.420409593666
    7    7    3    3     -0.477919025927
    7    7    4    4      0.411925752859
    7    7    5    4      0.527507825796
    7    7    5    5      0.080894979890
    7    7    6    6      0.188400150532
    7    7    7    6     -1.055737984365
    7    7    7    7     -0.343271460716
    0

