# INTDER ##########################
    3    4    4    4    0    3    2    2    0    1    3    0    0    0    0    0
STRE     1    2
STRE     2    3
LIN1     1    2    3    4
LIN1     1    2    3    5
    1   1   1.000000000
    2   2   1.000000000
    3   3   1.000000000
    4   4   1.000000000
    0
      0.000000000000     0.000000000000    -0.180565059992
      0.000000000000     0.000000000000     2.531087057189
      0.000000000000     0.000000000000     4.628697504941
      1.889725988579     0.000000000000     0.000000000000
      0.000000000000     1.889725988579     0.000000000000
        AR40         C12         N14
    1    1    0    0      3.559545380112
    2    1    0    0     -0.511371530890
    2    2    0    0     17.262909556776
    3    3    0    0      0.125609991472
    4    4    0    0      0.125609991472
    0    
    1    1    1    0    -23.712436610526
    2    1    1    0     -1.346242812942
    2    2    1    0      0.133541579158
    2    2    2    0   -118.493984044220
    3    3    1    0     -0.256464029068
    3    3    2    0     -0.905935628507
    4    4    1    0     -0.256464029068
    4    4    2    0     -0.905935628507
    0    
    1    1    1    1    107.560519839589
    2    1    1    1      7.398941405596
    2    2    1    1      4.639220655908
    2    2    2    1      1.923343632618
    2    2    2    2    615.564761330222
    3    3    1    1      1.113370381113
    3    3    2    1      0.684303418943
    3    3    2    2      0.506658031940
    3    3    3    3      0.691332755767
    3    3    4    4      0.397924240552 
    4    4    1    1      1.113370381113
    4    4    2    1      0.684303418943
    4    4    2    2      0.506658031940
    4    4    4    4      0.691332755767
    0  
