# INTDER ##########################
    4    7    0    4    0    3    2    2    0    1    3    0    0    0    0    0
STRE     1    2
STRE     2    3
STRE     3    4
LIN1     1    2    3    5
LIN1     4    3    2    5
LIN1     1    2    3    6
LIN1     4    3    2    6
      0.000000000000    0.000000000000   -3.412026846094
      0.000000000000    0.000000000000    0.000000000000
      0.000000000000    0.000000000000    2.312226480564
      0.000000000000    0.000000000000    4.318222823744
      1.889725988579    0.000000000000    0.000000000000
      0.000000000000    1.889725988579    0.000000000000
       CU63          C12         C12           H1
    1    1    0    0      2.741312580366
    2    1    0    0      0.099731823251
    2    2    0    0     14.886939975015
    3    1    0    0      0.001389666675
    3    2    0    0     -0.131651502676
    3    3    0    0      6.289587456675
    4    4    0    0      0.157744020436
    5    4    0    0     -0.062014896475
    5    5    0    0      0.221044063626
    6    6    0    0      0.157704674266
    7    6    0    0     -0.061989357926
    7    7    0    0      0.221055192164
    0
    1    1    1    0    -12.948232975145
    2    1    1    0     -0.599541187310
    2    2    1    0     -0.127722422560
    2    2    2    0    -88.107505372037
    3    1    1    0     -0.022171591271
    3    2    1    0     -0.002778568604
    3    2    2    0     -0.132025042344
    3    3    1    0     -0.008874687402
    3    3    2    0      0.253352305825
    3    3    3    0    -35.755978025925
    4    4    1    0     -0.089504384877
    4    4    2    0     -0.422850974948
    4    4    3    0     -0.031930945530
    5    4    1    0     -0.013304484382
    5    4    2    0     -0.154856186606
    5    4    3    0     -0.010056099305
    5    5    1    0     -0.003786743689
    5    5    2    0     -0.746434583263
    5    5    3    0     -0.166618873104
    6    6    1    0     -0.082713121348
    6    6    2    0     -0.426517286959
    6    6    3    0     -0.034520347199
    7    6    1    0     -0.013250617403
    7    6    2    0     -0.155229976730
    7    6    3    0     -0.013148778307
    7    7    1    0     -0.000076949883
    7    7    2    0     -0.743195506377
    7    7    3    0     -0.164402832817
    0
    1    1    1    1     55.078508004995
    2    1    1    1      1.819837190996
    2    2    1    1      1.506523220635
    2    2    2    1      0.644314209301
    2    2    2    2    443.706929457623
    3    1    1    1      1.678249372131
    3    2    1    1     -0.646183313993
    3    2    2    1      0.690068737353
    3    2    2    2     -0.704983440602
    3    3    1    1      1.013927639970
    3    3    2    1      0.694575289303
    3    3    2    2      0.008388854317
    3    3    3    1      1.004974625092
    3    3    3    2     -2.380542453079
    3    3    3    3    184.348572229407
    4    4    1    1     -0.393408546190
    4    4    2    1     -1.249928158969
    4    4    2    2      1.106039855954
    4    4    3    1      1.895750571916
    4    4    3    2      0.147991026182
    4    4    3    3     -0.787616132240
    4    4    4    4     -1.059592206022
    5    4    1    1     -1.579206709880
    5    4    2    1     -2.714396429107
    5    4    2    2     -0.026841045303
    5    4    3    1     -0.176650881470
    5    4    3    2      1.256184046062
    5    4    3    3      1.777525256500
    5    4    4    4      0.258548910597
    5    5    1    1      0.379939662907
    5    5    2    1      1.060510727270
    5    5    2    2      1.980689187234
    5    5    3    1      0.307776121600
    5    5    3    2     -0.594002155513
    5    5    3    3      0.993964186293
    5    5    4    4      0.970214359318
    5    5    5    4      1.600084476843
    5    5    5    5      1.257743983831
    6    6    1    1      1.534974714194
    6    6    2    1      0.275812047809
    6    6    2    2      1.750426128630
    6    6    3    1      0.734682418553
    6    6    3    2     -1.032566220625
    6    6    3    3      0.338044397819
    6    6    4    4     -1.814273221628
    6    6    5    4     -1.488483245092
    6    6    5    5      1.455055996928
    6    6    6    6      0.528196681996
    7    6    1    1      1.617592051811
    7    6    2    1      1.240422267093
    7    6    2    2      0.825840484511
    7    6    3    1     -0.858471736020
    7    6    3    2     -0.291245953882
    7    6    3    3     -0.358155552923
    7    6    4    4     -1.987266361661
    7    6    5    4     -4.852050530183
    7    6    5    5      0.358859570959
    7    6    6    6     -0.371243664554
    7    7    1    1      1.304833132775
    7    7    2    1      0.956344202503
    7    7    2    2      2.102651235684
    7    7    3    1      2.634621136017
    7    7    3    2      1.549788133496
    7    7    3    3      0.375701758283
    7    7    4    4      0.508889008208
    7    7    5    4      1.287572470323
    7    7    5    5      1.309467636084
    7    7    6    6      0.328430367439
    7    7    7    6     -0.456694315417
    7    7    7    7      1.298785249531
    0
 
