# INTDER ##########################
    3    4    4    4    0    3    2    2    0    1    3    0    0    0    0    0
STRE     1    2
STRE     2    3
LIN1     1    2    3    4
LIN1     1    2    3    5
    1   1    1.00000
    2   2    1.00000
    3   3    1.00000
    4   4    1.00000
    0
      0.000000000000     0.000000000000     0.000000000000
      0.000000000000     0.000000000000     3.456007802793 
      0.000000000000     0.000000000000     5.667896685848
      1.889725988579     0.000000000000     0.000000000000
      0.000000000000     1.889725988579     0.000000000000
       CU63          C12         N14
    1    1    0    0      2.531505363190
    2    1    0    0      0.070463336698
    2    2    0    0     17.287837540212
    3    3    0    0      0.158957220068
    4    4    0    0      0.158957220068
    0
    1    1    1    0    -12.075707052613
    2    1    1    0     -0.705152845109
    2    2    1    0     -0.001366543393
    2    2    2    0   -114.924458505907
    3    3    1    0     -0.082354749524
    3    3    2    0     -0.314293679714
    4    4    1    0     -0.082354749524
    4    4    2    0     -0.314293679714
    0
    1    1    1    1     51.930433372179
    2    1    1    1      2.657854036583
    2    2    1    1      0.460048079984
    2    2    2    1     -0.105396337057
    2    2    2    2    652.796801360344
    3    3    1    1      0.551660211002
    3    3    2    1      0.251258311622
    3    3    2    2      0.960871056140
    3    3    3    3     -0.874200573931
    3    3    4    4     -0.079457231220
    4    4    1    1      0.551660211002
    4    4    2    1      0.251258311622
    4    4    2    2      0.960871056140
    4    4    4    4     -0.874200573931
    0
