# INTDER ##########################
    3    3    3    0    0    3    0    1    0    1    0    0    0    1    1    0
STRE     1    2
STRE     2    3
LIN1     1    2    3    4
    1   1   1.000000000
    2   2   1.000000000
    3   3   1.000000000
    0 
      0.000000000        0.000000000       -1.346285485
      0.000000000        0.000000000        2.104521615
      0.000000000        0.000000000        4.303201207
      0.000000000000     1.889725988579     0.000000000000
DISP  55
    1       -0.020000000000
    0
    1       -0.015000000000
    2       -0.005000000000
    0
    1       -0.015000000000
    0
    1       -0.015000000000
    2        0.005000000000
    0
    1       -0.010000000000
    2       -0.010000000000
    0
    1       -0.010000000000
    2       -0.005000000000
    0
    1       -0.010000000000
    0
    1       -0.010000000000
    3        0.010000000000
    0
    1       -0.010000000000
    2        0.005000000000
    0
    1       -0.010000000000
    2        0.010000000000
    0
    1       -0.005000000000
    2       -0.015000000000
    0
    1       -0.005000000000
    2       -0.010000000000
    0
    1       -0.005000000000
    2       -0.005000000000
    0
    1       -0.005000000000
    2       -0.005000000000
    3        0.010000000000
    0
    1       -0.005000000000
    0
    1       -0.005000000000
    3        0.010000000000
    0
    1       -0.005000000000
    2        0.005000000000
    0
    1       -0.005000000000
    2        0.005000000000
    3        0.010000000000
    0
    1       -0.005000000000
    2        0.010000000000
    0
    1       -0.005000000000
    2        0.015000000000
    0
    1        0.000000000000
    2       -0.020000000000
    0
    1        0.000000000000
    2       -0.015000000000
    0
    1        0.000000000000
    2       -0.010000000000
    0
    1        0.000000000000
    2       -0.010000000000
    3        0.010000000000
    0
    1        0.000000000000
    2       -0.005000000000
    0
    1        0.000000000000
    2       -0.005000000000
    3        0.010000000000
    0
    1        0.000000000000
    0
    1        0.000000000000
    3        0.010000000000
    0
    1        0.000000000000
    3        0.020000000000
    0
    1        0.000000000000
    2        0.005000000000
    0
    1        0.000000000000
    2        0.005000000000
    3        0.010000000000
    0
    1        0.000000000000
    2        0.010000000000
    0
    1        0.000000000000
    2        0.010000000000
    3        0.010000000000
    0
    1        0.000000000000
    2        0.015000000000
    0
    1        0.000000000000
    2        0.020000000000
    0
    1        0.005000000000
    2       -0.015000000000
    0
    1        0.005000000000
    2       -0.010000000000
    0
    1        0.005000000000
    2       -0.005000000000
    0
    1        0.005000000000
    2       -0.005000000000
    3        0.010000000000
    0
    1        0.005000000000
    0
    1        0.005000000000
    3        0.010000000000
    0
    1        0.005000000000
    2        0.005000000000
    0
    1        0.005000000000
    2        0.005000000000
    3        0.010000000000
    0
    1        0.005000000000
    2        0.010000000000
    0
    1        0.005000000000
    2        0.015000000000
    0
    1        0.010000000000
    2       -0.010000000000
    0
    1        0.010000000000
    2       -0.005000000000
    0
    1        0.010000000000
    0
    1        0.010000000000
    3        0.010000000000
    0
    1        0.010000000000
    2        0.005000000000
    0
    1        0.010000000000
    2        0.010000000000
    0
    1        0.015000000000
    2       -0.005000000000
    0
    1        0.015000000000
    0
    1        0.015000000000
    2        0.005000000000
    0
    1        0.020000000000
    0


