# INTDER ##########################
    3    3    3    0    0    3    0    0    0    1    0    0    0    1    1    0
STRE     1    2
STRE     2    3
BEND     1    2    3
    1   1   1.000000000
    2   2   1.000000000 
    3   3   1.000000000
    0
      0.000000000000    0.000000000000    0.000000000000
      0.000000000000    0.000000000000    3.337311931724
      1.703146161846    0.000000000000    3.964430859530
DISP 129
    1        0.0000000000
    0
    1       -0.0200000000
    0
    1       -0.0150000000
    2       -0.0050000000
    0
    1       -0.0150000000
    3       -0.0050000000
    0
    1       -0.0150000000
    0
    1       -0.0150000000
    3        0.0050000000
    0
    1       -0.0150000000
    2        0.0050000000
    0
    1       -0.0100000000
    2       -0.0100000000
    0
    1       -0.0100000000
    2       -0.0050000000
    3       -0.0050000000
    0
    1       -0.0100000000
    2       -0.0050000000
    0
    1       -0.0100000000
    2       -0.0050000000
    3        0.0050000000
    0
    1       -0.0100000000
    3       -0.0100000000
    0
    1       -0.0100000000
    3       -0.0050000000
    0
    1       -0.0100000000
    0
    1       -0.0100000000
    3        0.0050000000
    0
    1       -0.0100000000
    3        0.0100000000
    0
    1       -0.0100000000
    2        0.0050000000
    3       -0.0050000000
    0
    1       -0.0100000000
    2        0.0050000000
    0
    1       -0.0100000000
    2        0.0050000000
    3        0.0050000000
    0
    1       -0.0100000000
    2        0.0100000000
    0
    1       -0.0050000000
    2       -0.0150000000
    0
    1       -0.0050000000
    2       -0.0100000000
    3       -0.0050000000
    0
    1       -0.0050000000
    2       -0.0100000000
    0
    1       -0.0050000000
    2       -0.0100000000
    3        0.0050000000
    0
    1       -0.0050000000
    2       -0.0050000000
    3       -0.0100000000
    0
    1       -0.0050000000
    2       -0.0050000000
    3       -0.0050000000
    0
    1       -0.0050000000
    2       -0.0050000000
    0
    1       -0.0050000000
    2       -0.0050000000
    3        0.0050000000
    0
    1       -0.0050000000
    2       -0.0050000000
    3        0.0100000000
    0
    1       -0.0050000000
    3       -0.0150000000
    0
    1       -0.0050000000
    3       -0.0100000000
    0
    1       -0.0050000000
    3       -0.0050000000
    0
    1       -0.0050000000
    0
    1       -0.0050000000
    3        0.0050000000
    0
    1       -0.0050000000
    3        0.0100000000
    0
    1       -0.0050000000
    3        0.0150000000
    0
    1       -0.0050000000
    2        0.0050000000
    3       -0.0100000000
    0
    1       -0.0050000000
    2        0.0050000000
    3       -0.0050000000
    0
    1       -0.0050000000
    2        0.0050000000
    0
    1       -0.0050000000
    2        0.0050000000
    3        0.0050000000
    0
    1       -0.0050000000
    2        0.0050000000
    3        0.0100000000
    0
    1       -0.0050000000
    2        0.0100000000
    3       -0.0050000000
    0
    1       -0.0050000000
    2        0.0100000000
    0
    1       -0.0050000000
    2        0.0100000000
    3        0.0050000000
    0
    1       -0.0050000000
    2        0.0150000000
    0
    2       -0.0200000000
    0
    2       -0.0150000000
    3       -0.0050000000
    0
    2       -0.0150000000
    0
    2       -0.0150000000
    3        0.0050000000
    0
    2       -0.0100000000
    3       -0.0100000000
    0
    2       -0.0100000000
    3       -0.0050000000
    0
    2       -0.0100000000
    0
    2       -0.0100000000
    3        0.0050000000
    0
    2       -0.0100000000
    3        0.0100000000
    0
    2       -0.0050000000
    3       -0.0150000000
    0
    2       -0.0050000000
    3       -0.0100000000
    0
    2       -0.0050000000
    3       -0.0050000000
    0
    2       -0.0050000000
    0
    2       -0.0050000000
    3        0.0050000000
    0
    2       -0.0050000000
    3        0.0100000000
    0
    2       -0.0050000000
    3        0.0150000000
    0
    3       -0.0200000000
    0
    3       -0.0150000000
    0
    3       -0.0100000000
    0
    3       -0.0050000000
    0
    3        0.0050000000
    0
    3        0.0100000000
    0
    3        0.0150000000
    0
    3        0.0200000000
    0
    2        0.0050000000
    3       -0.0150000000
    0
    2        0.0050000000
    3       -0.0100000000
    0
    2        0.0050000000
    3       -0.0050000000
    0
    2        0.0050000000
    0
    2        0.0050000000
    3        0.0050000000
    0
    2        0.0050000000
    3        0.0100000000
    0
    2        0.0050000000
    3        0.0150000000
    0
    2        0.0100000000
    3       -0.0100000000
    0
    2        0.0100000000
    3       -0.0050000000
    0
    2        0.0100000000
    0
    2        0.0100000000
    3        0.0050000000
    0
    2        0.0100000000
    3        0.0100000000
    0
    2        0.0150000000
    3       -0.0050000000
    0
    2        0.0150000000
    0
    2        0.0150000000
    3        0.0050000000
    0
    2        0.0200000000
    0
    1        0.0050000000
    2       -0.0150000000
    0
    1        0.0050000000
    2       -0.0100000000
    3       -0.0050000000
    0
    1        0.0050000000
    2       -0.0100000000
    0
    1        0.0050000000
    2       -0.0100000000
    3        0.0050000000
    0
    1        0.0050000000
    2       -0.0050000000
    3       -0.0100000000
    0
    1        0.0050000000
    2       -0.0050000000
    3       -0.0050000000
    0
    1        0.0050000000
    2       -0.0050000000
    0
    1        0.0050000000
    2       -0.0050000000
    3        0.0050000000
    0
    1        0.0050000000
    2       -0.0050000000
    3        0.0100000000
    0
    1        0.0050000000
    3       -0.0150000000
    0
    1        0.0050000000
    3       -0.0100000000
    0
    1        0.0050000000
    3       -0.0050000000
    0
    1        0.0050000000
    0
    1        0.0050000000
    3        0.0050000000
    0
    1        0.0050000000
    3        0.0100000000
    0
    1        0.0050000000
    3        0.0150000000
    0
    1        0.0050000000
    2        0.0050000000
    3       -0.0100000000
    0
    1        0.0050000000
    2        0.0050000000
    3       -0.0050000000
    0
    1        0.0050000000
    2        0.0050000000
    0
    1        0.0050000000
    2        0.0050000000
    3        0.0050000000
    0
    1        0.0050000000
    2        0.0050000000
    3        0.0100000000
    0
    1        0.0050000000
    2        0.0100000000
    3       -0.0050000000
    0
    1        0.0050000000
    2        0.0100000000
    0
    1        0.0050000000
    2        0.0100000000
    3        0.0050000000
    0
    1        0.0050000000
    2        0.0150000000
    0
    1        0.0100000000
    2       -0.0100000000
    0
    1        0.0100000000
    2       -0.0050000000
    3       -0.0050000000
    0
    1        0.0100000000
    2       -0.0050000000
    0
    1        0.0100000000
    2       -0.0050000000
    3        0.0050000000
    0
    1        0.0100000000
    3       -0.0100000000
    0
    1        0.0100000000
    3       -0.0050000000
    0
    1        0.0100000000
    0
    1        0.0100000000
    3        0.0050000000
    0
    1        0.0100000000
    3        0.0100000000
    0
    1        0.0100000000
    2        0.0050000000
    3       -0.0050000000
    0
    1        0.0100000000
    2        0.0050000000
    0
    1        0.0100000000
    2        0.0050000000
    3        0.0050000000
    0
    1        0.0100000000
    2        0.0100000000
    0
    1        0.0150000000
    2       -0.0050000000
    0
    1        0.0150000000
    3       -0.0050000000
    0
    1        0.0150000000
    0
    1        0.0150000000
    3        0.0050000000
    0
    1        0.0150000000
    2        0.0050000000
    0
    1        0.0200000000
    0

