# INTDER ##########################                                             
    4    6    6    4    0    3    2    0    0    1    3    0    0    0    0    0
STRE     1    2
STRE     2    3
STRE     2    4
BEND     1    2    3
BEND     1    2    4
OUT      1    2    3    4
    1   1   1.000000000
    2   2   1.000000000   3   1.000000000
    3   4   1.000000000   5   1.000000000
    4   2   1.000000000   3  -1.000000000
    5   4   1.000000000   5  -1.000000000
    6   6   1.000000000
    0
      0.000000000000     0.000000000000    -3.420897564075
      0.000000000000     0.000000000000    -1.368536430813
      0.000000000000     1.405912855935     0.827805784830
      0.000000000000    -1.405912855935     0.827805784830
         C12       C12       C12       H1
    1    1    0    0      5.370740979631
    2    1    0    0      0.099585213976
    2    2    0    0      8.304838797506
    3    1    0    0      0.323358711924
    3    2    0    0     -4.423888062811
    3    3    0    0      9.913397648265
    4    4    0    0      6.907944276618
    5    4    0    0     -0.033157391360
    5    5    0    0      0.237327373081
    6    6    0    0      0.380046300942
    0
    1    1    1    0    -32.783828732464
    2    1    1    0      0.456647699593
    2    2    1    0     -0.623012000537
    2    2    2    0    -33.903967345918
    3    1    1    0      0.712622337628
    3    2    1    0     -0.469176819244
    3    2    2    0     14.350493091829
    3    3    1    0      0.265573390553
    3    3    2    0    -40.731060831902
    3    3    3    0    114.189948268025
    4    4    1    0     -0.001790941848
    4    4    2    0    -26.721262832784
    4    4    3    0     -2.080376657264
    5    4    1    0     -0.412075788450
    5    4    2    0      0.015630161681
    5    4    3    0     -0.748880960468
    5    5    1    0      0.032274284520
    5    5    2    0     -0.381866112184
    5    5    3    0     -0.787611557287
    6    6    1    0      0.635315169609
    6    6    2    0    -10.282323491372
    6    6    3    0     22.009154941401
    0
    1    1    1    1    167.113528015900
    2    1    1    1     -1.248571072738
    2    2    1    1     -0.973999507043
    2    2    2    1      0.976196373927
    2    2    2    2    115.605545547257
    3    1    1    1      0.117465704316
    3    2    1    1     -0.424454511260
    3    2    2    1      1.178575437700
    3    2    2    2    -37.140317232059
    3    3    1    1      0.573516136208
    3    3    2    1      1.049523325044
    3    3    2    2     98.844019231002
    3    3    3    1     -0.735874355884
    3    3    3    2   -288.012880775188
    3    3    3    3   1114.440177306547
    4    4    1    1     -1.866172677520
    4    4    2    1      1.112569987317
    4    4    2    2     94.020123851267
    4    4    3    1     -1.668795029430
    4    4    3    2     24.455630045446
    4    4    3    3    -65.714996998070
    4    4    4    4     92.948331893206
    5    4    1    1     -0.510253905490
    5    4    2    1      0.487473090245
    5    4    2    2      0.080034187633
    5    4    3    1     -0.437679177989
    5    4    3    2      1.626139320964
    5    4    3    3     -2.512914572284
    5    4    4    4      3.200897189166
    5    5    1    1     -0.161324281441
    5    5    2    1     -0.027874555700
    5    5    2    2      0.312403639442
    5    5    3    1     -0.037317997525
    5    5    3    2      0.369860696106
    5    5    3    3     -2.176580552656
    5    5    4    4      0.391369380502
    5    5    5    4      0.596804652185
    5    5    5    5     -0.047000249418
    6    6    1    1      1.397301116449
    6    6    2    1     -0.824903672622
    6    6    2    2     31.805564395823
    6    6    3    1      1.692819167808
    6    6    3    2   -104.212853982074
    6    6    3    3    316.911538806802
    6    6    4    4     -4.578815522899
    6    6    5    4     -1.794403697024
    6    6    5    5     -0.351786721757
    6    6    6    6    143.314637390322
    0
