# INTDER ##########################
    4    7    7    0    0    3    0    2    0    1    0    0    0    1    1    0
STRE     1    2
STRE     2    3
STRE     3    4
LIN1     1    2    3    5
LIN1     4    3    2    5
LIN1     1    2    3    6
LIN1     4    3    2    6
    1   1   1.000000000
    2   2   1.000000000
    3   3   1.000000000
    4   4   1.000000000
    5   5   1.000000000
    6   6   1.000000000
    7   7   1.000000000
    0
      0.000000000000     0.000000000000    -1.682544574000
      0.000000000000     0.000000000000     1.432063979000
      0.000000000000     0.000000000000     3.691353794000
      0.000000000000     0.000000000000     5.712774967000
      1.889725988579     0.000000000000     0.000000000000
      0.000000000000     1.889725988579     0.000000000000
DISP 625
    1        0.0000000000
    0 
    1       -0.0200000000
    0 
    1       -0.0150000000
    2       -0.0050000000
    0 
    1       -0.0150000000
    3       -0.0050000000
    0 
    1       -0.0150000000
    0 
    1       -0.0150000000
    3        0.0050000000
    0 
    1       -0.0150000000
    2        0.0050000000
    0 
    1       -0.0100000000
    2       -0.0100000000
    0 
    1       -0.0100000000
    2       -0.0050000000
    3       -0.0050000000
    0 
    1       -0.0100000000
    2       -0.0050000000
    0 
    1       -0.0100000000
    2       -0.0050000000
    3        0.0050000000
    0 
    1       -0.0100000000
    3       -0.0100000000
    0 
    1       -0.0100000000
    3       -0.0050000000
    0 
    1       -0.0100000000
    4       -0.0100000000
    0 
    1       -0.0100000000
    4       -0.0050000000
    5       -0.0050000000
    0 
    1       -0.0100000000
    4       -0.0050000000
    5        0.0050000000
    0 
    1       -0.0100000000
    5       -0.0100000000
    0 
    1       -0.0100000000
    6       -0.0100000000
    0 
    1       -0.0100000000
    6       -0.0050000000
    7       -0.0050000000
    0 
    1       -0.0100000000
    6       -0.0050000000
    7        0.0050000000
    0 
    1       -0.0100000000
    7       -0.0100000000
    0 
    1       -0.0100000000
    0 
    1       -0.0100000000
    7        0.0100000000
    0 
    1       -0.0100000000
    6        0.0050000000
    7       -0.0050000000
    0 
    1       -0.0100000000
    6        0.0050000000
    7        0.0050000000
    0 
    1       -0.0100000000
    6        0.0100000000
    0 
    1       -0.0100000000
    5        0.0100000000
    0 
    1       -0.0100000000
    4        0.0050000000
    5       -0.0050000000
    0 
    1       -0.0100000000
    4        0.0050000000
    5        0.0050000000
    0 
    1       -0.0100000000
    4        0.0100000000
    0 
    1       -0.0100000000
    3        0.0050000000
    0 
    1       -0.0100000000
    3        0.0100000000
    0 
    1       -0.0100000000
    2        0.0050000000
    3       -0.0050000000
    0 
    1       -0.0100000000
    2        0.0050000000
    0 
    1       -0.0100000000
    2        0.0050000000
    3        0.0050000000
    0 
    1       -0.0100000000
    2        0.0100000000
    0 
    1       -0.0050000000
    2       -0.0150000000
    0 
    1       -0.0050000000
    2       -0.0100000000
    3       -0.0050000000
    0 
    1       -0.0050000000
    2       -0.0100000000
    0 
    1       -0.0050000000
    2       -0.0100000000
    3        0.0050000000
    0 
    1       -0.0050000000
    2       -0.0050000000
    3       -0.0100000000
    0 
    1       -0.0050000000
    2       -0.0050000000
    3       -0.0050000000
    0 
    1       -0.0050000000
    2       -0.0050000000
    4       -0.0100000000
    0 
    1       -0.0050000000
    2       -0.0050000000
    4       -0.0050000000
    5       -0.0050000000
    0 
    1       -0.0050000000
    2       -0.0050000000
    4       -0.0050000000
    5        0.0050000000
    0 
    1       -0.0050000000
    2       -0.0050000000
    5       -0.0100000000
    0 
    1       -0.0050000000
    2       -0.0050000000
    6       -0.0100000000
    0 
    1       -0.0050000000
    2       -0.0050000000
    6       -0.0050000000
    7       -0.0050000000
    0 
    1       -0.0050000000
    2       -0.0050000000
    6       -0.0050000000
    7        0.0050000000
    0 
    1       -0.0050000000
    2       -0.0050000000
    7       -0.0100000000
    0 
    1       -0.0050000000
    2       -0.0050000000
    0 
    1       -0.0050000000
    2       -0.0050000000
    7        0.0100000000
    0 
    1       -0.0050000000
    2       -0.0050000000
    6        0.0050000000
    7       -0.0050000000
    0 
    1       -0.0050000000
    2       -0.0050000000
    6        0.0050000000
    7        0.0050000000
    0 
    1       -0.0050000000
    2       -0.0050000000
    6        0.0100000000
    0 
    1       -0.0050000000
    2       -0.0050000000
    5        0.0100000000
    0 
    1       -0.0050000000
    2       -0.0050000000
    4        0.0050000000
    5       -0.0050000000
    0 
    1       -0.0050000000
    2       -0.0050000000
    4        0.0050000000
    5        0.0050000000
    0 
    1       -0.0050000000
    2       -0.0050000000
    4        0.0100000000
    0 
    1       -0.0050000000
    2       -0.0050000000
    3        0.0050000000
    0 
    1       -0.0050000000
    2       -0.0050000000
    3        0.0100000000
    0 
    1       -0.0050000000
    3       -0.0150000000
    0 
    1       -0.0050000000
    3       -0.0100000000
    0 
    1       -0.0050000000
    3       -0.0050000000
    4       -0.0100000000
    0 
    1       -0.0050000000
    3       -0.0050000000
    4       -0.0050000000
    5       -0.0050000000
    0 
    1       -0.0050000000
    3       -0.0050000000
    4       -0.0050000000
    5        0.0050000000
    0 
    1       -0.0050000000
    3       -0.0050000000
    5       -0.0100000000
    0 
    1       -0.0050000000
    3       -0.0050000000
    6       -0.0100000000
    0 
    1       -0.0050000000
    3       -0.0050000000
    6       -0.0050000000
    7       -0.0050000000
    0 
    1       -0.0050000000
    3       -0.0050000000
    6       -0.0050000000
    7        0.0050000000
    0 
    1       -0.0050000000
    3       -0.0050000000
    7       -0.0100000000
    0 
    1       -0.0050000000
    3       -0.0050000000
    0 
    1       -0.0050000000
    3       -0.0050000000
    7        0.0100000000
    0 
    1       -0.0050000000
    3       -0.0050000000
    6        0.0050000000
    7       -0.0050000000
    0 
    1       -0.0050000000
    3       -0.0050000000
    6        0.0050000000
    7        0.0050000000
    0 
    1       -0.0050000000
    3       -0.0050000000
    6        0.0100000000
    0 
    1       -0.0050000000
    3       -0.0050000000
    5        0.0100000000
    0 
    1       -0.0050000000
    3       -0.0050000000
    4        0.0050000000
    5       -0.0050000000
    0 
    1       -0.0050000000
    3       -0.0050000000
    4        0.0050000000
    5        0.0050000000
    0 
    1       -0.0050000000
    3       -0.0050000000
    4        0.0100000000
    0 
    1       -0.0050000000
    4       -0.0100000000
    0 
    1       -0.0050000000
    4       -0.0050000000
    5       -0.0050000000
    0 
    1       -0.0050000000
    4       -0.0050000000
    5        0.0050000000
    0 
    1       -0.0050000000
    5       -0.0100000000
    0 
    1       -0.0050000000
    6       -0.0100000000
    0 
    1       -0.0050000000
    6       -0.0050000000
    7       -0.0050000000
    0 
    1       -0.0050000000
    6       -0.0050000000
    7        0.0050000000
    0 
    1       -0.0050000000
    7       -0.0100000000
    0 
    1       -0.0050000000
    0 
    1       -0.0050000000
    7        0.0100000000
    0 
    1       -0.0050000000
    6        0.0050000000
    7       -0.0050000000
    0 
    1       -0.0050000000
    6        0.0050000000
    7        0.0050000000
    0 
    1       -0.0050000000
    6        0.0100000000
    0 
    1       -0.0050000000
    5        0.0100000000
    0 
    1       -0.0050000000
    4        0.0050000000
    5       -0.0050000000
    0 
    1       -0.0050000000
    4        0.0050000000
    5        0.0050000000
    0 
    1       -0.0050000000
    4        0.0100000000
    0 
    1       -0.0050000000
    3        0.0050000000
    4       -0.0100000000
    0 
    1       -0.0050000000
    3        0.0050000000
    4       -0.0050000000
    5       -0.0050000000
    0 
    1       -0.0050000000
    3        0.0050000000
    4       -0.0050000000
    5        0.0050000000
    0 
    1       -0.0050000000
    3        0.0050000000
    5       -0.0100000000
    0 
    1       -0.0050000000
    3        0.0050000000
    6       -0.0100000000
    0 
    1       -0.0050000000
    3        0.0050000000
    6       -0.0050000000
    7       -0.0050000000
    0 
    1       -0.0050000000
    3        0.0050000000
    6       -0.0050000000
    7        0.0050000000
    0 
    1       -0.0050000000
    3        0.0050000000
    7       -0.0100000000
    0 
    1       -0.0050000000
    3        0.0050000000
    0 
    1       -0.0050000000
    3        0.0050000000
    7        0.0100000000
    0 
    1       -0.0050000000
    3        0.0050000000
    6        0.0050000000
    7       -0.0050000000
    0 
    1       -0.0050000000
    3        0.0050000000
    6        0.0050000000
    7        0.0050000000
    0 
    1       -0.0050000000
    3        0.0050000000
    6        0.0100000000
    0 
    1       -0.0050000000
    3        0.0050000000
    5        0.0100000000
    0 
    1       -0.0050000000
    3        0.0050000000
    4        0.0050000000
    5       -0.0050000000
    0 
    1       -0.0050000000
    3        0.0050000000
    4        0.0050000000
    5        0.0050000000
    0 
    1       -0.0050000000
    3        0.0050000000
    4        0.0100000000
    0 
    1       -0.0050000000
    3        0.0100000000
    0 
    1       -0.0050000000
    3        0.0150000000
    0 
    1       -0.0050000000
    2        0.0050000000
    3       -0.0100000000
    0 
    1       -0.0050000000
    2        0.0050000000
    3       -0.0050000000
    0 
    1       -0.0050000000
    2        0.0050000000
    4       -0.0100000000
    0 
    1       -0.0050000000
    2        0.0050000000
    4       -0.0050000000
    5       -0.0050000000
    0 
    1       -0.0050000000
    2        0.0050000000
    4       -0.0050000000
    5        0.0050000000
    0 
    1       -0.0050000000
    2        0.0050000000
    5       -0.0100000000
    0 
    1       -0.0050000000
    2        0.0050000000
    6       -0.0100000000
    0 
    1       -0.0050000000
    2        0.0050000000
    6       -0.0050000000
    7       -0.0050000000
    0 
    1       -0.0050000000
    2        0.0050000000
    6       -0.0050000000
    7        0.0050000000
    0 
    1       -0.0050000000
    2        0.0050000000
    7       -0.0100000000
    0 
    1       -0.0050000000
    2        0.0050000000
    0 
    1       -0.0050000000
    2        0.0050000000
    7        0.0100000000
    0 
    1       -0.0050000000
    2        0.0050000000
    6        0.0050000000
    7       -0.0050000000
    0 
    1       -0.0050000000
    2        0.0050000000
    6        0.0050000000
    7        0.0050000000
    0 
    1       -0.0050000000
    2        0.0050000000
    6        0.0100000000
    0 
    1       -0.0050000000
    2        0.0050000000
    5        0.0100000000
    0 
    1       -0.0050000000
    2        0.0050000000
    4        0.0050000000
    5       -0.0050000000
    0 
    1       -0.0050000000
    2        0.0050000000
    4        0.0050000000
    5        0.0050000000
    0 
    1       -0.0050000000
    2        0.0050000000
    4        0.0100000000
    0 
    1       -0.0050000000
    2        0.0050000000
    3        0.0050000000
    0 
    1       -0.0050000000
    2        0.0050000000
    3        0.0100000000
    0 
    1       -0.0050000000
    2        0.0100000000
    3       -0.0050000000
    0 
    1       -0.0050000000
    2        0.0100000000
    0 
    1       -0.0050000000
    2        0.0100000000
    3        0.0050000000
    0 
    1       -0.0050000000
    2        0.0150000000
    0 
    2       -0.0200000000
    0 
    2       -0.0150000000
    3       -0.0050000000
    0 
    2       -0.0150000000
    0 
    2       -0.0150000000
    3        0.0050000000
    0 
    2       -0.0100000000
    3       -0.0100000000
    0 
    2       -0.0100000000
    3       -0.0050000000
    0 
    2       -0.0100000000
    4       -0.0100000000
    0 
    2       -0.0100000000
    4       -0.0050000000
    5       -0.0050000000
    0 
    2       -0.0100000000
    4       -0.0050000000
    5        0.0050000000
    0 
    2       -0.0100000000
    5       -0.0100000000
    0 
    2       -0.0100000000
    6       -0.0100000000
    0 
    2       -0.0100000000
    6       -0.0050000000
    7       -0.0050000000
    0 
    2       -0.0100000000
    6       -0.0050000000
    7        0.0050000000
    0 
    2       -0.0100000000
    7       -0.0100000000
    0 
    2       -0.0100000000
    0 
    2       -0.0100000000
    7        0.0100000000
    0 
    2       -0.0100000000
    6        0.0050000000
    7       -0.0050000000
    0 
    2       -0.0100000000
    6        0.0050000000
    7        0.0050000000
    0 
    2       -0.0100000000
    6        0.0100000000
    0 
    2       -0.0100000000
    5        0.0100000000
    0 
    2       -0.0100000000
    4        0.0050000000
    5       -0.0050000000
    0 
    2       -0.0100000000
    4        0.0050000000
    5        0.0050000000
    0 
    2       -0.0100000000
    4        0.0100000000
    0 
    2       -0.0100000000
    3        0.0050000000
    0 
    2       -0.0100000000
    3        0.0100000000
    0 
    2       -0.0050000000
    3       -0.0150000000
    0 
    2       -0.0050000000
    3       -0.0100000000
    0 
    2       -0.0050000000
    3       -0.0050000000
    4       -0.0100000000
    0 
    2       -0.0050000000
    3       -0.0050000000
    4       -0.0050000000
    5       -0.0050000000
    0 
    2       -0.0050000000
    3       -0.0050000000
    4       -0.0050000000
    5        0.0050000000
    0 
    2       -0.0050000000
    3       -0.0050000000
    5       -0.0100000000
    0 
    2       -0.0050000000
    3       -0.0050000000
    6       -0.0100000000
    0 
    2       -0.0050000000
    3       -0.0050000000
    6       -0.0050000000
    7       -0.0050000000
    0 
    2       -0.0050000000
    3       -0.0050000000
    6       -0.0050000000
    7        0.0050000000
    0 
    2       -0.0050000000
    3       -0.0050000000
    7       -0.0100000000
    0 
    2       -0.0050000000
    3       -0.0050000000
    0 
    2       -0.0050000000
    3       -0.0050000000
    7        0.0100000000
    0 
    2       -0.0050000000
    3       -0.0050000000
    6        0.0050000000
    7       -0.0050000000
    0 
    2       -0.0050000000
    3       -0.0050000000
    6        0.0050000000
    7        0.0050000000
    0 
    2       -0.0050000000
    3       -0.0050000000
    6        0.0100000000
    0 
    2       -0.0050000000
    3       -0.0050000000
    5        0.0100000000
    0 
    2       -0.0050000000
    3       -0.0050000000
    4        0.0050000000
    5       -0.0050000000
    0 
    2       -0.0050000000
    3       -0.0050000000
    4        0.0050000000
    5        0.0050000000
    0 
    2       -0.0050000000
    3       -0.0050000000
    4        0.0100000000
    0 
    2       -0.0050000000
    4       -0.0100000000
    0 
    2       -0.0050000000
    4       -0.0050000000
    5       -0.0050000000
    0 
    2       -0.0050000000
    4       -0.0050000000
    5        0.0050000000
    0 
    2       -0.0050000000
    5       -0.0100000000
    0 
    2       -0.0050000000
    6       -0.0100000000
    0 
    2       -0.0050000000
    6       -0.0050000000
    7       -0.0050000000
    0 
    2       -0.0050000000
    6       -0.0050000000
    7        0.0050000000
    0 
    2       -0.0050000000
    7       -0.0100000000
    0 
    2       -0.0050000000
    0 
    2       -0.0050000000
    7        0.0100000000
    0 
    2       -0.0050000000
    6        0.0050000000
    7       -0.0050000000
    0 
    2       -0.0050000000
    6        0.0050000000
    7        0.0050000000
    0 
    2       -0.0050000000
    6        0.0100000000
    0 
    2       -0.0050000000
    5        0.0100000000
    0 
    2       -0.0050000000
    4        0.0050000000
    5       -0.0050000000
    0 
    2       -0.0050000000
    4        0.0050000000
    5        0.0050000000
    0 
    2       -0.0050000000
    4        0.0100000000
    0 
    2       -0.0050000000
    3        0.0050000000
    4       -0.0100000000
    0 
    2       -0.0050000000
    3        0.0050000000
    4       -0.0050000000
    5       -0.0050000000
    0 
    2       -0.0050000000
    3        0.0050000000
    4       -0.0050000000
    5        0.0050000000
    0 
    2       -0.0050000000
    3        0.0050000000
    5       -0.0100000000
    0 
    2       -0.0050000000
    3        0.0050000000
    6       -0.0100000000
    0 
    2       -0.0050000000
    3        0.0050000000
    6       -0.0050000000
    7       -0.0050000000
    0 
    2       -0.0050000000
    3        0.0050000000
    6       -0.0050000000
    7        0.0050000000
    0 
    2       -0.0050000000
    3        0.0050000000
    7       -0.0100000000
    0 
    2       -0.0050000000
    3        0.0050000000
    0 
    2       -0.0050000000
    3        0.0050000000
    7        0.0100000000
    0 
    2       -0.0050000000
    3        0.0050000000
    6        0.0050000000
    7       -0.0050000000
    0 
    2       -0.0050000000
    3        0.0050000000
    6        0.0050000000
    7        0.0050000000
    0 
    2       -0.0050000000
    3        0.0050000000
    6        0.0100000000
    0 
    2       -0.0050000000
    3        0.0050000000
    5        0.0100000000
    0 
    2       -0.0050000000
    3        0.0050000000
    4        0.0050000000
    5       -0.0050000000
    0 
    2       -0.0050000000
    3        0.0050000000
    4        0.0050000000
    5        0.0050000000
    0 
    2       -0.0050000000
    3        0.0050000000
    4        0.0100000000
    0 
    2       -0.0050000000
    3        0.0100000000
    0 
    2       -0.0050000000
    3        0.0150000000
    0 
    3       -0.0200000000
    0 
    3       -0.0150000000
    0 
    3       -0.0100000000
    4       -0.0100000000
    0 
    3       -0.0100000000
    4       -0.0050000000
    5       -0.0050000000
    0 
    3       -0.0100000000
    4       -0.0050000000
    5        0.0050000000
    0 
    3       -0.0100000000
    5       -0.0100000000
    0 
    3       -0.0100000000
    6       -0.0100000000
    0 
    3       -0.0100000000
    6       -0.0050000000
    7       -0.0050000000
    0 
    3       -0.0100000000
    6       -0.0050000000
    7        0.0050000000
    0 
    3       -0.0100000000
    7       -0.0100000000
    0 
    3       -0.0100000000
    0 
    3       -0.0100000000
    7        0.0100000000
    0 
    3       -0.0100000000
    6        0.0050000000
    7       -0.0050000000
    0 
    3       -0.0100000000
    6        0.0050000000
    7        0.0050000000
    0 
    3       -0.0100000000
    6        0.0100000000
    0 
    3       -0.0100000000
    5        0.0100000000
    0 
    3       -0.0100000000
    4        0.0050000000
    5       -0.0050000000
    0 
    3       -0.0100000000
    4        0.0050000000
    5        0.0050000000
    0 
    3       -0.0100000000
    4        0.0100000000
    0 
    3       -0.0050000000
    4       -0.0100000000
    0 
    3       -0.0050000000
    4       -0.0050000000
    5       -0.0050000000
    0 
    3       -0.0050000000
    4       -0.0050000000
    5        0.0050000000
    0 
    3       -0.0050000000
    5       -0.0100000000
    0 
    3       -0.0050000000
    6       -0.0100000000
    0 
    3       -0.0050000000
    6       -0.0050000000
    7       -0.0050000000
    0 
    3       -0.0050000000
    6       -0.0050000000
    7        0.0050000000
    0 
    3       -0.0050000000
    7       -0.0100000000
    0 
    3       -0.0050000000
    0 
    3       -0.0050000000
    7        0.0100000000
    0 
    3       -0.0050000000
    6        0.0050000000
    7       -0.0050000000
    0 
    3       -0.0050000000
    6        0.0050000000
    7        0.0050000000
    0 
    3       -0.0050000000
    6        0.0100000000
    0 
    3       -0.0050000000
    5        0.0100000000
    0 
    3       -0.0050000000
    4        0.0050000000
    5       -0.0050000000
    0 
    3       -0.0050000000
    4        0.0050000000
    5        0.0050000000
    0 
    3       -0.0050000000
    4        0.0100000000
    0 
    4       -0.0200000000
    0 
    4       -0.0150000000
    5       -0.0050000000
    0 
    4       -0.0150000000
    5        0.0050000000
    0 
    4       -0.0100000000
    5       -0.0100000000
    0 
    4       -0.0100000000
    6       -0.0100000000
    0 
    4       -0.0100000000
    6       -0.0050000000
    7       -0.0050000000
    0 
    4       -0.0100000000
    6       -0.0050000000
    7        0.0050000000
    0 
    4       -0.0100000000
    7       -0.0100000000
    0 
    4       -0.0100000000
    0 
    4       -0.0100000000
    7        0.0100000000
    0 
    4       -0.0100000000
    6        0.0050000000
    7       -0.0050000000
    0 
    4       -0.0100000000
    6        0.0050000000
    7        0.0050000000
    0 
    4       -0.0100000000
    6        0.0100000000
    0 
    4       -0.0100000000
    5        0.0100000000
    0 
    4       -0.0050000000
    5       -0.0150000000
    0 
    4       -0.0050000000
    5       -0.0050000000
    6       -0.0100000000
    0 
    4       -0.0050000000
    5       -0.0050000000
    6       -0.0050000000
    7       -0.0050000000
    0 
    4       -0.0050000000
    5       -0.0050000000
    6       -0.0050000000
    7        0.0050000000
    0 
    4       -0.0050000000
    5       -0.0050000000
    7       -0.0100000000
    0 
    4       -0.0050000000
    5       -0.0050000000
    0 
    4       -0.0050000000
    5       -0.0050000000
    7        0.0100000000
    0 
    4       -0.0050000000
    5       -0.0050000000
    6        0.0050000000
    7       -0.0050000000
    0 
    4       -0.0050000000
    5       -0.0050000000
    6        0.0050000000
    7        0.0050000000
    0 
    4       -0.0050000000
    5       -0.0050000000
    6        0.0100000000
    0 
    4       -0.0050000000
    5        0.0050000000
    6       -0.0100000000
    0 
    4       -0.0050000000
    5        0.0050000000
    6       -0.0050000000
    7       -0.0050000000
    0 
    4       -0.0050000000
    5        0.0050000000
    6       -0.0050000000
    7        0.0050000000
    0 
    4       -0.0050000000
    5        0.0050000000
    7       -0.0100000000
    0 
    4       -0.0050000000
    5        0.0050000000
    0 
    4       -0.0050000000
    5        0.0050000000
    7        0.0100000000
    0 
    4       -0.0050000000
    5        0.0050000000
    6        0.0050000000
    7       -0.0050000000
    0 
    4       -0.0050000000
    5        0.0050000000
    6        0.0050000000
    7        0.0050000000
    0 
    4       -0.0050000000
    5        0.0050000000
    6        0.0100000000
    0 
    4       -0.0050000000
    5        0.0150000000
    0 
    5       -0.0200000000
    0 
    5       -0.0100000000
    6       -0.0100000000
    0 
    5       -0.0100000000
    6       -0.0050000000
    7       -0.0050000000
    0 
    5       -0.0100000000
    6       -0.0050000000
    7        0.0050000000
    0 
    5       -0.0100000000
    7       -0.0100000000
    0 
    5       -0.0100000000
    0 
    5       -0.0100000000
    7        0.0100000000
    0 
    5       -0.0100000000
    6        0.0050000000
    7       -0.0050000000
    0 
    5       -0.0100000000
    6        0.0050000000
    7        0.0050000000
    0 
    5       -0.0100000000
    6        0.0100000000
    0 
    6       -0.0200000000
    0 
    6       -0.0150000000
    7       -0.0050000000
    0 
    6       -0.0150000000
    7        0.0050000000
    0 
    6       -0.0100000000
    7       -0.0100000000
    0 
    6       -0.0100000000
    0 
    6       -0.0100000000
    7        0.0100000000
    0 
    6       -0.0050000000
    7       -0.0150000000
    0 
    6       -0.0050000000
    7       -0.0050000000
    0 
    6       -0.0050000000
    7        0.0050000000
    0 
    6       -0.0050000000
    7        0.0150000000
    0 
    7       -0.0200000000
    0 
    7       -0.0100000000
    0 
    7        0.0100000000
    0 
    7        0.0200000000
    0 
    6        0.0050000000
    7       -0.0150000000
    0 
    6        0.0050000000
    7       -0.0050000000
    0 
    6        0.0050000000
    7        0.0050000000
    0 
    6        0.0050000000
    7        0.0150000000
    0 
    6        0.0100000000
    7       -0.0100000000
    0 
    6        0.0100000000
    0 
    6        0.0100000000
    7        0.0100000000
    0 
    6        0.0150000000
    7       -0.0050000000
    0 
    6        0.0150000000
    7        0.0050000000
    0 
    6        0.0200000000
    0 
    5        0.0100000000
    6       -0.0100000000
    0 
    5        0.0100000000
    6       -0.0050000000
    7       -0.0050000000
    0 
    5        0.0100000000
    6       -0.0050000000
    7        0.0050000000
    0 
    5        0.0100000000
    7       -0.0100000000
    0 
    5        0.0100000000
    0 
    5        0.0100000000
    7        0.0100000000
    0 
    5        0.0100000000
    6        0.0050000000
    7       -0.0050000000
    0 
    5        0.0100000000
    6        0.0050000000
    7        0.0050000000
    0 
    5        0.0100000000
    6        0.0100000000
    0 
    5        0.0200000000
    0 
    4        0.0050000000
    5       -0.0150000000
    0 
    4        0.0050000000
    5       -0.0050000000
    6       -0.0100000000
    0 
    4        0.0050000000
    5       -0.0050000000
    6       -0.0050000000
    7       -0.0050000000
    0 
    4        0.0050000000
    5       -0.0050000000
    6       -0.0050000000
    7        0.0050000000
    0 
    4        0.0050000000
    5       -0.0050000000
    7       -0.0100000000
    0 
    4        0.0050000000
    5       -0.0050000000
    0 
    4        0.0050000000
    5       -0.0050000000
    7        0.0100000000
    0 
    4        0.0050000000
    5       -0.0050000000
    6        0.0050000000
    7       -0.0050000000
    0 
    4        0.0050000000
    5       -0.0050000000
    6        0.0050000000
    7        0.0050000000
    0 
    4        0.0050000000
    5       -0.0050000000
    6        0.0100000000
    0 
    4        0.0050000000
    5        0.0050000000
    6       -0.0100000000
    0 
    4        0.0050000000
    5        0.0050000000
    6       -0.0050000000
    7       -0.0050000000
    0 
    4        0.0050000000
    5        0.0050000000
    6       -0.0050000000
    7        0.0050000000
    0 
    4        0.0050000000
    5        0.0050000000
    7       -0.0100000000
    0 
    4        0.0050000000
    5        0.0050000000
    0 
    4        0.0050000000
    5        0.0050000000
    7        0.0100000000
    0 
    4        0.0050000000
    5        0.0050000000
    6        0.0050000000
    7       -0.0050000000
    0 
    4        0.0050000000
    5        0.0050000000
    6        0.0050000000
    7        0.0050000000
    0 
    4        0.0050000000
    5        0.0050000000
    6        0.0100000000
    0 
    4        0.0050000000
    5        0.0150000000
    0 
    4        0.0100000000
    5       -0.0100000000
    0 
    4        0.0100000000
    6       -0.0100000000
    0 
    4        0.0100000000
    6       -0.0050000000
    7       -0.0050000000
    0 
    4        0.0100000000
    6       -0.0050000000
    7        0.0050000000
    0 
    4        0.0100000000
    7       -0.0100000000
    0 
    4        0.0100000000
    0 
    4        0.0100000000
    7        0.0100000000
    0 
    4        0.0100000000
    6        0.0050000000
    7       -0.0050000000
    0 
    4        0.0100000000
    6        0.0050000000
    7        0.0050000000
    0 
    4        0.0100000000
    6        0.0100000000
    0 
    4        0.0100000000
    5        0.0100000000
    0 
    4        0.0150000000
    5       -0.0050000000
    0 
    4        0.0150000000
    5        0.0050000000
    0 
    4        0.0200000000
    0 
    3        0.0050000000
    4       -0.0100000000
    0 
    3        0.0050000000
    4       -0.0050000000
    5       -0.0050000000
    0 
    3        0.0050000000
    4       -0.0050000000
    5        0.0050000000
    0 
    3        0.0050000000
    5       -0.0100000000
    0 
    3        0.0050000000
    6       -0.0100000000
    0 
    3        0.0050000000
    6       -0.0050000000
    7       -0.0050000000
    0 
    3        0.0050000000
    6       -0.0050000000
    7        0.0050000000
    0 
    3        0.0050000000
    7       -0.0100000000
    0 
    3        0.0050000000
    0 
    3        0.0050000000
    7        0.0100000000
    0 
    3        0.0050000000
    6        0.0050000000
    7       -0.0050000000
    0 
    3        0.0050000000
    6        0.0050000000
    7        0.0050000000
    0 
    3        0.0050000000
    6        0.0100000000
    0 
    3        0.0050000000
    5        0.0100000000
    0 
    3        0.0050000000
    4        0.0050000000
    5       -0.0050000000
    0 
    3        0.0050000000
    4        0.0050000000
    5        0.0050000000
    0 
    3        0.0050000000
    4        0.0100000000
    0 
    3        0.0100000000
    4       -0.0100000000
    0 
    3        0.0100000000
    4       -0.0050000000
    5       -0.0050000000
    0 
    3        0.0100000000
    4       -0.0050000000
    5        0.0050000000
    0 
    3        0.0100000000
    5       -0.0100000000
    0 
    3        0.0100000000
    6       -0.0100000000
    0 
    3        0.0100000000
    6       -0.0050000000
    7       -0.0050000000
    0 
    3        0.0100000000
    6       -0.0050000000
    7        0.0050000000
    0 
    3        0.0100000000
    7       -0.0100000000
    0 
    3        0.0100000000
    0 
    3        0.0100000000
    7        0.0100000000
    0 
    3        0.0100000000
    6        0.0050000000
    7       -0.0050000000
    0 
    3        0.0100000000
    6        0.0050000000
    7        0.0050000000
    0 
    3        0.0100000000
    6        0.0100000000
    0 
    3        0.0100000000
    5        0.0100000000
    0 
    3        0.0100000000
    4        0.0050000000
    5       -0.0050000000
    0 
    3        0.0100000000
    4        0.0050000000
    5        0.0050000000
    0 
    3        0.0100000000
    4        0.0100000000
    0 
    3        0.0150000000
    0 
    3        0.0200000000
    0 
    2        0.0050000000
    3       -0.0150000000
    0 
    2        0.0050000000
    3       -0.0100000000
    0 
    2        0.0050000000
    3       -0.0050000000
    4       -0.0100000000
    0 
    2        0.0050000000
    3       -0.0050000000
    4       -0.0050000000
    5       -0.0050000000
    0 
    2        0.0050000000
    3       -0.0050000000
    4       -0.0050000000
    5        0.0050000000
    0 
    2        0.0050000000
    3       -0.0050000000
    5       -0.0100000000
    0 
    2        0.0050000000
    3       -0.0050000000
    6       -0.0100000000
    0 
    2        0.0050000000
    3       -0.0050000000
    6       -0.0050000000
    7       -0.0050000000
    0 
    2        0.0050000000
    3       -0.0050000000
    6       -0.0050000000
    7        0.0050000000
    0 
    2        0.0050000000
    3       -0.0050000000
    7       -0.0100000000
    0 
    2        0.0050000000
    3       -0.0050000000
    0 
    2        0.0050000000
    3       -0.0050000000
    7        0.0100000000
    0 
    2        0.0050000000
    3       -0.0050000000
    6        0.0050000000
    7       -0.0050000000
    0 
    2        0.0050000000
    3       -0.0050000000
    6        0.0050000000
    7        0.0050000000
    0 
    2        0.0050000000
    3       -0.0050000000
    6        0.0100000000
    0 
    2        0.0050000000
    3       -0.0050000000
    5        0.0100000000
    0 
    2        0.0050000000
    3       -0.0050000000
    4        0.0050000000
    5       -0.0050000000
    0 
    2        0.0050000000
    3       -0.0050000000
    4        0.0050000000
    5        0.0050000000
    0 
    2        0.0050000000
    3       -0.0050000000
    4        0.0100000000
    0 
    2        0.0050000000
    4       -0.0100000000
    0 
    2        0.0050000000
    4       -0.0050000000
    5       -0.0050000000
    0 
    2        0.0050000000
    4       -0.0050000000
    5        0.0050000000
    0 
    2        0.0050000000
    5       -0.0100000000
    0 
    2        0.0050000000
    6       -0.0100000000
    0 
    2        0.0050000000
    6       -0.0050000000
    7       -0.0050000000
    0 
    2        0.0050000000
    6       -0.0050000000
    7        0.0050000000
    0 
    2        0.0050000000
    7       -0.0100000000
    0 
    2        0.0050000000
    0 
    2        0.0050000000
    7        0.0100000000
    0 
    2        0.0050000000
    6        0.0050000000
    7       -0.0050000000
    0 
    2        0.0050000000
    6        0.0050000000
    7        0.0050000000
    0 
    2        0.0050000000
    6        0.0100000000
    0 
    2        0.0050000000
    5        0.0100000000
    0 
    2        0.0050000000
    4        0.0050000000
    5       -0.0050000000
    0 
    2        0.0050000000
    4        0.0050000000
    5        0.0050000000
    0 
    2        0.0050000000
    4        0.0100000000
    0 
    2        0.0050000000
    3        0.0050000000
    4       -0.0100000000
    0 
    2        0.0050000000
    3        0.0050000000
    4       -0.0050000000
    5       -0.0050000000
    0 
    2        0.0050000000
    3        0.0050000000
    4       -0.0050000000
    5        0.0050000000
    0 
    2        0.0050000000
    3        0.0050000000
    5       -0.0100000000
    0 
    2        0.0050000000
    3        0.0050000000
    6       -0.0100000000
    0 
    2        0.0050000000
    3        0.0050000000
    6       -0.0050000000
    7       -0.0050000000
    0 
    2        0.0050000000
    3        0.0050000000
    6       -0.0050000000
    7        0.0050000000
    0 
    2        0.0050000000
    3        0.0050000000
    7       -0.0100000000
    0 
    2        0.0050000000
    3        0.0050000000
    0 
    2        0.0050000000
    3        0.0050000000
    7        0.0100000000
    0 
    2        0.0050000000
    3        0.0050000000
    6        0.0050000000
    7       -0.0050000000
    0 
    2        0.0050000000
    3        0.0050000000
    6        0.0050000000
    7        0.0050000000
    0 
    2        0.0050000000
    3        0.0050000000
    6        0.0100000000
    0 
    2        0.0050000000
    3        0.0050000000
    5        0.0100000000
    0 
    2        0.0050000000
    3        0.0050000000
    4        0.0050000000
    5       -0.0050000000
    0 
    2        0.0050000000
    3        0.0050000000
    4        0.0050000000
    5        0.0050000000
    0 
    2        0.0050000000
    3        0.0050000000
    4        0.0100000000
    0 
    2        0.0050000000
    3        0.0100000000
    0 
    2        0.0050000000
    3        0.0150000000
    0 
    2        0.0100000000
    3       -0.0100000000
    0 
    2        0.0100000000
    3       -0.0050000000
    0 
    2        0.0100000000
    4       -0.0100000000
    0 
    2        0.0100000000
    4       -0.0050000000
    5       -0.0050000000
    0 
    2        0.0100000000
    4       -0.0050000000
    5        0.0050000000
    0 
    2        0.0100000000
    5       -0.0100000000
    0 
    2        0.0100000000
    6       -0.0100000000
    0 
    2        0.0100000000
    6       -0.0050000000
    7       -0.0050000000
    0 
    2        0.0100000000
    6       -0.0050000000
    7        0.0050000000
    0 
    2        0.0100000000
    7       -0.0100000000
    0 
    2        0.0100000000
    0 
    2        0.0100000000
    7        0.0100000000
    0 
    2        0.0100000000
    6        0.0050000000
    7       -0.0050000000
    0 
    2        0.0100000000
    6        0.0050000000
    7        0.0050000000
    0 
    2        0.0100000000
    6        0.0100000000
    0 
    2        0.0100000000
    5        0.0100000000
    0 
    2        0.0100000000
    4        0.0050000000
    5       -0.0050000000
    0 
    2        0.0100000000
    4        0.0050000000
    5        0.0050000000
    0 
    2        0.0100000000
    4        0.0100000000
    0 
    2        0.0100000000
    3        0.0050000000
    0 
    2        0.0100000000
    3        0.0100000000
    0 
    2        0.0150000000
    3       -0.0050000000
    0 
    2        0.0150000000
    0 
    2        0.0150000000
    3        0.0050000000
    0 
    2        0.0200000000
    0 
    1        0.0050000000
    2       -0.0150000000
    0 
    1        0.0050000000
    2       -0.0100000000
    3       -0.0050000000
    0 
    1        0.0050000000
    2       -0.0100000000
    0 
    1        0.0050000000
    2       -0.0100000000
    3        0.0050000000
    0 
    1        0.0050000000
    2       -0.0050000000
    3       -0.0100000000
    0 
    1        0.0050000000
    2       -0.0050000000
    3       -0.0050000000
    0 
    1        0.0050000000
    2       -0.0050000000
    4       -0.0100000000
    0 
    1        0.0050000000
    2       -0.0050000000
    4       -0.0050000000
    5       -0.0050000000
    0 
    1        0.0050000000
    2       -0.0050000000
    4       -0.0050000000
    5        0.0050000000
    0 
    1        0.0050000000
    2       -0.0050000000
    5       -0.0100000000
    0 
    1        0.0050000000
    2       -0.0050000000
    6       -0.0100000000
    0 
    1        0.0050000000
    2       -0.0050000000
    6       -0.0050000000
    7       -0.0050000000
    0 
    1        0.0050000000
    2       -0.0050000000
    6       -0.0050000000
    7        0.0050000000
    0 
    1        0.0050000000
    2       -0.0050000000
    7       -0.0100000000
    0 
    1        0.0050000000
    2       -0.0050000000
    0 
    1        0.0050000000
    2       -0.0050000000
    7        0.0100000000
    0 
    1        0.0050000000
    2       -0.0050000000
    6        0.0050000000
    7       -0.0050000000
    0 
    1        0.0050000000
    2       -0.0050000000
    6        0.0050000000
    7        0.0050000000
    0 
    1        0.0050000000
    2       -0.0050000000
    6        0.0100000000
    0 
    1        0.0050000000
    2       -0.0050000000
    5        0.0100000000
    0 
    1        0.0050000000
    2       -0.0050000000
    4        0.0050000000
    5       -0.0050000000
    0 
    1        0.0050000000
    2       -0.0050000000
    4        0.0050000000
    5        0.0050000000
    0 
    1        0.0050000000
    2       -0.0050000000
    4        0.0100000000
    0 
    1        0.0050000000
    2       -0.0050000000
    3        0.0050000000
    0 
    1        0.0050000000
    2       -0.0050000000
    3        0.0100000000
    0 
    1        0.0050000000
    3       -0.0150000000
    0 
    1        0.0050000000
    3       -0.0100000000
    0 
    1        0.0050000000
    3       -0.0050000000
    4       -0.0100000000
    0 
    1        0.0050000000
    3       -0.0050000000
    4       -0.0050000000
    5       -0.0050000000
    0 
    1        0.0050000000
    3       -0.0050000000
    4       -0.0050000000
    5        0.0050000000
    0 
    1        0.0050000000
    3       -0.0050000000
    5       -0.0100000000
    0 
    1        0.0050000000
    3       -0.0050000000
    6       -0.0100000000
    0 
    1        0.0050000000
    3       -0.0050000000
    6       -0.0050000000
    7       -0.0050000000
    0 
    1        0.0050000000
    3       -0.0050000000
    6       -0.0050000000
    7        0.0050000000
    0 
    1        0.0050000000
    3       -0.0050000000
    7       -0.0100000000
    0 
    1        0.0050000000
    3       -0.0050000000
    0 
    1        0.0050000000
    3       -0.0050000000
    7        0.0100000000
    0 
    1        0.0050000000
    3       -0.0050000000
    6        0.0050000000
    7       -0.0050000000
    0 
    1        0.0050000000
    3       -0.0050000000
    6        0.0050000000
    7        0.0050000000
    0 
    1        0.0050000000
    3       -0.0050000000
    6        0.0100000000
    0 
    1        0.0050000000
    3       -0.0050000000
    5        0.0100000000
    0 
    1        0.0050000000
    3       -0.0050000000
    4        0.0050000000
    5       -0.0050000000
    0 
    1        0.0050000000
    3       -0.0050000000
    4        0.0050000000
    5        0.0050000000
    0 
    1        0.0050000000
    3       -0.0050000000
    4        0.0100000000
    0 
    1        0.0050000000
    4       -0.0100000000
    0 
    1        0.0050000000
    4       -0.0050000000
    5       -0.0050000000
    0 
    1        0.0050000000
    4       -0.0050000000
    5        0.0050000000
    0 
    1        0.0050000000
    5       -0.0100000000
    0 
    1        0.0050000000
    6       -0.0100000000
    0 
    1        0.0050000000
    6       -0.0050000000
    7       -0.0050000000
    0 
    1        0.0050000000
    6       -0.0050000000
    7        0.0050000000
    0 
    1        0.0050000000
    7       -0.0100000000
    0 
    1        0.0050000000
    0 
    1        0.0050000000
    7        0.0100000000
    0 
    1        0.0050000000
    6        0.0050000000
    7       -0.0050000000
    0 
    1        0.0050000000
    6        0.0050000000
    7        0.0050000000
    0 
    1        0.0050000000
    6        0.0100000000
    0 
    1        0.0050000000
    5        0.0100000000
    0 
    1        0.0050000000
    4        0.0050000000
    5       -0.0050000000
    0 
    1        0.0050000000
    4        0.0050000000
    5        0.0050000000
    0 
    1        0.0050000000
    4        0.0100000000
    0 
    1        0.0050000000
    3        0.0050000000
    4       -0.0100000000
    0 
    1        0.0050000000
    3        0.0050000000
    4       -0.0050000000
    5       -0.0050000000
    0 
    1        0.0050000000
    3        0.0050000000
    4       -0.0050000000
    5        0.0050000000
    0 
    1        0.0050000000
    3        0.0050000000
    5       -0.0100000000
    0 
    1        0.0050000000
    3        0.0050000000
    6       -0.0100000000
    0 
    1        0.0050000000
    3        0.0050000000
    6       -0.0050000000
    7       -0.0050000000
    0 
    1        0.0050000000
    3        0.0050000000
    6       -0.0050000000
    7        0.0050000000
    0 
    1        0.0050000000
    3        0.0050000000
    7       -0.0100000000
    0 
    1        0.0050000000
    3        0.0050000000
    0 
    1        0.0050000000
    3        0.0050000000
    7        0.0100000000
    0 
    1        0.0050000000
    3        0.0050000000
    6        0.0050000000
    7       -0.0050000000
    0 
    1        0.0050000000
    3        0.0050000000
    6        0.0050000000
    7        0.0050000000
    0 
    1        0.0050000000
    3        0.0050000000
    6        0.0100000000
    0 
    1        0.0050000000
    3        0.0050000000
    5        0.0100000000
    0 
    1        0.0050000000
    3        0.0050000000
    4        0.0050000000
    5       -0.0050000000
    0 
    1        0.0050000000
    3        0.0050000000
    4        0.0050000000
    5        0.0050000000
    0 
    1        0.0050000000
    3        0.0050000000
    4        0.0100000000
    0 
    1        0.0050000000
    3        0.0100000000
    0 
    1        0.0050000000
    3        0.0150000000
    0 
    1        0.0050000000
    2        0.0050000000
    3       -0.0100000000
    0 
    1        0.0050000000
    2        0.0050000000
    3       -0.0050000000
    0 
    1        0.0050000000
    2        0.0050000000
    4       -0.0100000000
    0 
    1        0.0050000000
    2        0.0050000000
    4       -0.0050000000
    5       -0.0050000000
    0 
    1        0.0050000000
    2        0.0050000000
    4       -0.0050000000
    5        0.0050000000
    0 
    1        0.0050000000
    2        0.0050000000
    5       -0.0100000000
    0 
    1        0.0050000000
    2        0.0050000000
    6       -0.0100000000
    0 
    1        0.0050000000
    2        0.0050000000
    6       -0.0050000000
    7       -0.0050000000
    0 
    1        0.0050000000
    2        0.0050000000
    6       -0.0050000000
    7        0.0050000000
    0 
    1        0.0050000000
    2        0.0050000000
    7       -0.0100000000
    0 
    1        0.0050000000
    2        0.0050000000
    0 
    1        0.0050000000
    2        0.0050000000
    7        0.0100000000
    0 
    1        0.0050000000
    2        0.0050000000
    6        0.0050000000
    7       -0.0050000000
    0 
    1        0.0050000000
    2        0.0050000000
    6        0.0050000000
    7        0.0050000000
    0 
    1        0.0050000000
    2        0.0050000000
    6        0.0100000000
    0 
    1        0.0050000000
    2        0.0050000000
    5        0.0100000000
    0 
    1        0.0050000000
    2        0.0050000000
    4        0.0050000000
    5       -0.0050000000
    0 
    1        0.0050000000
    2        0.0050000000
    4        0.0050000000
    5        0.0050000000
    0 
    1        0.0050000000
    2        0.0050000000
    4        0.0100000000
    0 
    1        0.0050000000
    2        0.0050000000
    3        0.0050000000
    0 
    1        0.0050000000
    2        0.0050000000
    3        0.0100000000
    0 
    1        0.0050000000
    2        0.0100000000
    3       -0.0050000000
    0 
    1        0.0050000000
    2        0.0100000000
    0 
    1        0.0050000000
    2        0.0100000000
    3        0.0050000000
    0 
    1        0.0050000000
    2        0.0150000000
    0 
    1        0.0100000000
    2       -0.0100000000
    0 
    1        0.0100000000
    2       -0.0050000000
    3       -0.0050000000
    0 
    1        0.0100000000
    2       -0.0050000000
    0 
    1        0.0100000000
    2       -0.0050000000
    3        0.0050000000
    0 
    1        0.0100000000
    3       -0.0100000000
    0 
    1        0.0100000000
    3       -0.0050000000
    0 
    1        0.0100000000
    4       -0.0100000000
    0 
    1        0.0100000000
    4       -0.0050000000
    5       -0.0050000000
    0 
    1        0.0100000000
    4       -0.0050000000
    5        0.0050000000
    0 
    1        0.0100000000
    5       -0.0100000000
    0 
    1        0.0100000000
    6       -0.0100000000
    0 
    1        0.0100000000
    6       -0.0050000000
    7       -0.0050000000
    0 
    1        0.0100000000
    6       -0.0050000000
    7        0.0050000000
    0 
    1        0.0100000000
    7       -0.0100000000
    0 
    1        0.0100000000
    0 
    1        0.0100000000
    7        0.0100000000
    0 
    1        0.0100000000
    6        0.0050000000
    7       -0.0050000000
    0 
    1        0.0100000000
    6        0.0050000000
    7        0.0050000000
    0 
    1        0.0100000000
    6        0.0100000000
    0 
    1        0.0100000000
    5        0.0100000000
    0 
    1        0.0100000000
    4        0.0050000000
    5       -0.0050000000
    0 
    1        0.0100000000
    4        0.0050000000
    5        0.0050000000
    0 
    1        0.0100000000
    4        0.0100000000
    0 
    1        0.0100000000
    3        0.0050000000
    0 
    1        0.0100000000
    3        0.0100000000
    0 
    1        0.0100000000
    2        0.0050000000
    3       -0.0050000000
    0 
    1        0.0100000000
    2        0.0050000000
    0 
    1        0.0100000000
    2        0.0050000000
    3        0.0050000000
    0 
    1        0.0100000000
    2        0.0100000000
    0 
    1        0.0150000000
    2       -0.0050000000
    0 
    1        0.0150000000
    3       -0.0050000000
    0 
    1        0.0150000000
    0 
    1        0.0150000000
    3        0.0050000000
    0 
    1        0.0150000000
    2        0.0050000000
    0 
    1        0.0200000000
    0 


