# INTDER ##########################
    4    6    6    0    0    3    0    0    0    1    0    0    0    1    1    0
STRE     1    2
STRE     2    3
STRE     3    4
BEND     1    2    3
BEND     2    3    4
TORS     1    2    3    4
    1   1   1.000000000
    2   2   1.000000000
    3   3   1.000000000
    4   4   1.000000000
    5   5   1.000000000
    6   6   1.000000000 
    0
      0.763818186683     2.079046811523     0.000000000000
     -1.121196221666    -0.441964554298     0.000000000000
     -0.110533911296    -2.631805062077     0.000000000000
     -0.486024648116    -4.643646918673     0.000000000000
DISP 743
    1        0.0000000000
    0
    1       -0.0200000000
    0
    1       -0.0150000000
    2       -0.0050000000
    0
    1       -0.0150000000
    3       -0.0050000000
    0
    1       -0.0150000000
    4       -0.0050000000
    0
    1       -0.0150000000
    5       -0.0050000000
    0
    1       -0.0150000000
    0
    1       -0.0150000000
    5        0.0050000000
    0
    1       -0.0150000000
    4        0.0050000000
    0
    1       -0.0150000000
    3        0.0050000000
    0
    1       -0.0150000000
    2        0.0050000000
    0
    1       -0.0100000000
    2       -0.0100000000
    0
    1       -0.0100000000
    2       -0.0050000000
    3       -0.0050000000
    0
    1       -0.0100000000
    2       -0.0050000000
    4       -0.0050000000
    0
    1       -0.0100000000
    2       -0.0050000000
    5       -0.0050000000
    0
    1       -0.0100000000
    2       -0.0050000000
    0
    1       -0.0100000000
    2       -0.0050000000
    5        0.0050000000
    0
    1       -0.0100000000
    2       -0.0050000000
    4        0.0050000000
    0
    1       -0.0100000000
    2       -0.0050000000
    3        0.0050000000
    0
    1       -0.0100000000
    3       -0.0100000000
    0
    1       -0.0100000000
    3       -0.0050000000
    4       -0.0050000000
    0
    1       -0.0100000000
    3       -0.0050000000
    5       -0.0050000000
    0
    1       -0.0100000000
    3       -0.0050000000
    0
    1       -0.0100000000
    3       -0.0050000000
    5        0.0050000000
    0
    1       -0.0100000000
    3       -0.0050000000
    4        0.0050000000
    0
    1       -0.0100000000
    4       -0.0100000000
    0
    1       -0.0100000000
    4       -0.0050000000
    5       -0.0050000000
    0
    1       -0.0100000000
    4       -0.0050000000
    0
    1       -0.0100000000
    4       -0.0050000000
    5        0.0050000000
    0
    1       -0.0100000000
    5       -0.0100000000
    0
    1       -0.0100000000
    5       -0.0050000000
    0
    1       -0.0100000000
    0
    1       -0.0100000000
    6        0.0100000000
    0
    1       -0.0100000000
    5        0.0050000000
    0
    1       -0.0100000000
    5        0.0100000000
    0
    1       -0.0100000000
    4        0.0050000000
    5       -0.0050000000
    0
    1       -0.0100000000
    4        0.0050000000
    0
    1       -0.0100000000
    4        0.0050000000
    5        0.0050000000
    0
    1       -0.0100000000
    4        0.0100000000
    0
    1       -0.0100000000
    3        0.0050000000
    4       -0.0050000000
    0
    1       -0.0100000000
    3        0.0050000000
    5       -0.0050000000
    0
    1       -0.0100000000
    3        0.0050000000
    0
    1       -0.0100000000
    3        0.0050000000
    5        0.0050000000
    0
    1       -0.0100000000
    3        0.0050000000
    4        0.0050000000
    0
    1       -0.0100000000
    3        0.0100000000
    0
    1       -0.0100000000
    2        0.0050000000
    3       -0.0050000000
    0
    1       -0.0100000000
    2        0.0050000000
    4       -0.0050000000
    0
    1       -0.0100000000
    2        0.0050000000
    5       -0.0050000000
    0
    1       -0.0100000000
    2        0.0050000000
    0
    1       -0.0100000000
    2        0.0050000000
    5        0.0050000000
    0
    1       -0.0100000000
    2        0.0050000000
    4        0.0050000000
    0
    1       -0.0100000000
    2        0.0050000000
    3        0.0050000000
    0
    1       -0.0100000000
    2        0.0100000000
    0
    1       -0.0050000000
    2       -0.0150000000
    0
    1       -0.0050000000
    2       -0.0100000000
    3       -0.0050000000
    0
    1       -0.0050000000
    2       -0.0100000000
    4       -0.0050000000
    0
    1       -0.0050000000
    2       -0.0100000000
    5       -0.0050000000
    0
    1       -0.0050000000
    2       -0.0100000000
    0
    1       -0.0050000000
    2       -0.0100000000
    5        0.0050000000
    0
    1       -0.0050000000
    2       -0.0100000000
    4        0.0050000000
    0
    1       -0.0050000000
    2       -0.0100000000
    3        0.0050000000
    0
    1       -0.0050000000
    2       -0.0050000000
    3       -0.0100000000
    0
    1       -0.0050000000
    2       -0.0050000000
    3       -0.0050000000
    4       -0.0050000000
    0
    1       -0.0050000000
    2       -0.0050000000
    3       -0.0050000000
    5       -0.0050000000
    0
    1       -0.0050000000
    2       -0.0050000000
    3       -0.0050000000
    0
    1       -0.0050000000
    2       -0.0050000000
    3       -0.0050000000
    5        0.0050000000
    0
    1       -0.0050000000
    2       -0.0050000000
    3       -0.0050000000
    4        0.0050000000
    0
    1       -0.0050000000
    2       -0.0050000000
    4       -0.0100000000
    0
    1       -0.0050000000
    2       -0.0050000000
    4       -0.0050000000
    5       -0.0050000000
    0
    1       -0.0050000000
    2       -0.0050000000
    4       -0.0050000000
    0
    1       -0.0050000000
    2       -0.0050000000
    4       -0.0050000000
    5        0.0050000000
    0
    1       -0.0050000000
    2       -0.0050000000
    5       -0.0100000000
    0
    1       -0.0050000000
    2       -0.0050000000
    5       -0.0050000000
    0
    1       -0.0050000000
    2       -0.0050000000
    0
    1       -0.0050000000
    2       -0.0050000000
    6        0.0100000000
    0
    1       -0.0050000000
    2       -0.0050000000
    5        0.0050000000
    0
    1       -0.0050000000
    2       -0.0050000000
    5        0.0100000000
    0
    1       -0.0050000000
    2       -0.0050000000
    4        0.0050000000
    5       -0.0050000000
    0
    1       -0.0050000000
    2       -0.0050000000
    4        0.0050000000
    0
    1       -0.0050000000
    2       -0.0050000000
    4        0.0050000000
    5        0.0050000000
    0
    1       -0.0050000000
    2       -0.0050000000
    4        0.0100000000
    0
    1       -0.0050000000
    2       -0.0050000000
    3        0.0050000000
    4       -0.0050000000
    0
    1       -0.0050000000
    2       -0.0050000000
    3        0.0050000000
    5       -0.0050000000
    0
    1       -0.0050000000
    2       -0.0050000000
    3        0.0050000000
    0
    1       -0.0050000000
    2       -0.0050000000
    3        0.0050000000
    5        0.0050000000
    0
    1       -0.0050000000
    2       -0.0050000000
    3        0.0050000000
    4        0.0050000000
    0
    1       -0.0050000000
    2       -0.0050000000
    3        0.0100000000
    0
    1       -0.0050000000
    3       -0.0150000000
    0
    1       -0.0050000000
    3       -0.0100000000
    4       -0.0050000000
    0
    1       -0.0050000000
    3       -0.0100000000
    5       -0.0050000000
    0
    1       -0.0050000000
    3       -0.0100000000
    0
    1       -0.0050000000
    3       -0.0100000000
    5        0.0050000000
    0
    1       -0.0050000000
    3       -0.0100000000
    4        0.0050000000
    0
    1       -0.0050000000
    3       -0.0050000000
    4       -0.0100000000
    0
    1       -0.0050000000
    3       -0.0050000000
    4       -0.0050000000
    5       -0.0050000000
    0
    1       -0.0050000000
    3       -0.0050000000
    4       -0.0050000000
    0
    1       -0.0050000000
    3       -0.0050000000
    4       -0.0050000000
    5        0.0050000000
    0
    1       -0.0050000000
    3       -0.0050000000
    5       -0.0100000000
    0
    1       -0.0050000000
    3       -0.0050000000
    5       -0.0050000000
    0
    1       -0.0050000000
    3       -0.0050000000
    0
    1       -0.0050000000
    3       -0.0050000000
    6        0.0100000000
    0
    1       -0.0050000000
    3       -0.0050000000
    5        0.0050000000
    0
    1       -0.0050000000
    3       -0.0050000000
    5        0.0100000000
    0
    1       -0.0050000000
    3       -0.0050000000
    4        0.0050000000
    5       -0.0050000000
    0
    1       -0.0050000000
    3       -0.0050000000
    4        0.0050000000
    0
    1       -0.0050000000
    3       -0.0050000000
    4        0.0050000000
    5        0.0050000000
    0
    1       -0.0050000000
    3       -0.0050000000
    4        0.0100000000
    0
    1       -0.0050000000
    4       -0.0150000000
    0
    1       -0.0050000000
    4       -0.0100000000
    5       -0.0050000000
    0
    1       -0.0050000000
    4       -0.0100000000
    0
    1       -0.0050000000
    4       -0.0100000000
    5        0.0050000000
    0
    1       -0.0050000000
    4       -0.0050000000
    5       -0.0100000000
    0
    1       -0.0050000000
    4       -0.0050000000
    5       -0.0050000000
    0
    1       -0.0050000000
    4       -0.0050000000
    0
    1       -0.0050000000
    4       -0.0050000000
    6        0.0100000000
    0
    1       -0.0050000000
    4       -0.0050000000
    5        0.0050000000
    0
    1       -0.0050000000
    4       -0.0050000000
    5        0.0100000000
    0
    1       -0.0050000000
    5       -0.0150000000
    0
    1       -0.0050000000
    5       -0.0100000000
    0
    1       -0.0050000000
    5       -0.0050000000
    0
    1       -0.0050000000
    5       -0.0050000000
    6        0.0100000000
    0
    1       -0.0050000000
    0
    1       -0.0050000000
    6        0.0100000000
    0
    1       -0.0050000000
    5        0.0050000000
    0
    1       -0.0050000000
    5        0.0050000000
    6        0.0100000000
    0
    1       -0.0050000000
    5        0.0100000000
    0
    1       -0.0050000000
    5        0.0150000000
    0
    1       -0.0050000000
    4        0.0050000000
    5       -0.0100000000
    0
    1       -0.0050000000
    4        0.0050000000
    5       -0.0050000000
    0
    1       -0.0050000000
    4        0.0050000000
    0
    1       -0.0050000000
    4        0.0050000000
    6        0.0100000000
    0
    1       -0.0050000000
    4        0.0050000000
    5        0.0050000000
    0
    1       -0.0050000000
    4        0.0050000000
    5        0.0100000000
    0
    1       -0.0050000000
    4        0.0100000000
    5       -0.0050000000
    0
    1       -0.0050000000
    4        0.0100000000
    0
    1       -0.0050000000
    4        0.0100000000
    5        0.0050000000
    0
    1       -0.0050000000
    4        0.0150000000
    0
    1       -0.0050000000
    3        0.0050000000
    4       -0.0100000000
    0
    1       -0.0050000000
    3        0.0050000000
    4       -0.0050000000
    5       -0.0050000000
    0
    1       -0.0050000000
    3        0.0050000000
    4       -0.0050000000
    0
    1       -0.0050000000
    3        0.0050000000
    4       -0.0050000000
    5        0.0050000000
    0
    1       -0.0050000000
    3        0.0050000000
    5       -0.0100000000
    0
    1       -0.0050000000
    3        0.0050000000
    5       -0.0050000000
    0
    1       -0.0050000000
    3        0.0050000000
    0
    1       -0.0050000000
    3        0.0050000000
    6        0.0100000000
    0
    1       -0.0050000000
    3        0.0050000000
    5        0.0050000000
    0
    1       -0.0050000000
    3        0.0050000000
    5        0.0100000000
    0
    1       -0.0050000000
    3        0.0050000000
    4        0.0050000000
    5       -0.0050000000
    0
    1       -0.0050000000
    3        0.0050000000
    4        0.0050000000
    0
    1       -0.0050000000
    3        0.0050000000
    4        0.0050000000
    5        0.0050000000
    0
    1       -0.0050000000
    3        0.0050000000
    4        0.0100000000
    0
    1       -0.0050000000
    3        0.0100000000
    4       -0.0050000000
    0
    1       -0.0050000000
    3        0.0100000000
    5       -0.0050000000
    0
    1       -0.0050000000
    3        0.0100000000
    0
    1       -0.0050000000
    3        0.0100000000
    5        0.0050000000
    0
    1       -0.0050000000
    3        0.0100000000
    4        0.0050000000
    0
    1       -0.0050000000
    3        0.0150000000
    0
    1       -0.0050000000
    2        0.0050000000
    3       -0.0100000000
    0
    1       -0.0050000000
    2        0.0050000000
    3       -0.0050000000
    4       -0.0050000000
    0
    1       -0.0050000000
    2        0.0050000000
    3       -0.0050000000
    5       -0.0050000000
    0
    1       -0.0050000000
    2        0.0050000000
    3       -0.0050000000
    0
    1       -0.0050000000
    2        0.0050000000
    3       -0.0050000000
    5        0.0050000000
    0
    1       -0.0050000000
    2        0.0050000000
    3       -0.0050000000
    4        0.0050000000
    0
    1       -0.0050000000
    2        0.0050000000
    4       -0.0100000000
    0
    1       -0.0050000000
    2        0.0050000000
    4       -0.0050000000
    5       -0.0050000000
    0
    1       -0.0050000000
    2        0.0050000000
    4       -0.0050000000
    0
    1       -0.0050000000
    2        0.0050000000
    4       -0.0050000000
    5        0.0050000000
    0
    1       -0.0050000000
    2        0.0050000000
    5       -0.0100000000
    0
    1       -0.0050000000
    2        0.0050000000
    5       -0.0050000000
    0
    1       -0.0050000000
    2        0.0050000000
    0
    1       -0.0050000000
    2        0.0050000000
    6        0.0100000000
    0
    1       -0.0050000000
    2        0.0050000000
    5        0.0050000000
    0
    1       -0.0050000000
    2        0.0050000000
    5        0.0100000000
    0
    1       -0.0050000000
    2        0.0050000000
    4        0.0050000000
    5       -0.0050000000
    0
    1       -0.0050000000
    2        0.0050000000
    4        0.0050000000
    0
    1       -0.0050000000
    2        0.0050000000
    4        0.0050000000
    5        0.0050000000
    0
    1       -0.0050000000
    2        0.0050000000
    4        0.0100000000
    0
    1       -0.0050000000
    2        0.0050000000
    3        0.0050000000
    4       -0.0050000000
    0
    1       -0.0050000000
    2        0.0050000000
    3        0.0050000000
    5       -0.0050000000
    0
    1       -0.0050000000
    2        0.0050000000
    3        0.0050000000
    0
    1       -0.0050000000
    2        0.0050000000
    3        0.0050000000
    5        0.0050000000
    0
    1       -0.0050000000
    2        0.0050000000
    3        0.0050000000
    4        0.0050000000
    0
    1       -0.0050000000
    2        0.0050000000
    3        0.0100000000
    0
    1       -0.0050000000
    2        0.0100000000
    3       -0.0050000000
    0
    1       -0.0050000000
    2        0.0100000000
    4       -0.0050000000
    0
    1       -0.0050000000
    2        0.0100000000
    5       -0.0050000000
    0
    1       -0.0050000000
    2        0.0100000000
    0
    1       -0.0050000000
    2        0.0100000000
    5        0.0050000000
    0
    1       -0.0050000000
    2        0.0100000000
    4        0.0050000000
    0
    1       -0.0050000000
    2        0.0100000000
    3        0.0050000000
    0
    1       -0.0050000000
    2        0.0150000000
    0
    2       -0.0200000000
    0
    2       -0.0150000000
    3       -0.0050000000
    0
    2       -0.0150000000
    4       -0.0050000000
    0
    2       -0.0150000000
    5       -0.0050000000
    0
    2       -0.0150000000
    0
    2       -0.0150000000
    5        0.0050000000
    0
    2       -0.0150000000
    4        0.0050000000
    0
    2       -0.0150000000
    3        0.0050000000
    0
    2       -0.0100000000
    3       -0.0100000000
    0
    2       -0.0100000000
    3       -0.0050000000
    4       -0.0050000000
    0
    2       -0.0100000000
    3       -0.0050000000
    5       -0.0050000000
    0
    2       -0.0100000000
    3       -0.0050000000
    0
    2       -0.0100000000
    3       -0.0050000000
    5        0.0050000000
    0
    2       -0.0100000000
    3       -0.0050000000
    4        0.0050000000
    0
    2       -0.0100000000
    4       -0.0100000000
    0
    2       -0.0100000000
    4       -0.0050000000
    5       -0.0050000000
    0
    2       -0.0100000000
    4       -0.0050000000
    0
    2       -0.0100000000
    4       -0.0050000000
    5        0.0050000000
    0
    2       -0.0100000000
    5       -0.0100000000
    0
    2       -0.0100000000
    5       -0.0050000000
    0
    2       -0.0100000000
    0
    2       -0.0100000000
    6        0.0100000000
    0
    2       -0.0100000000
    5        0.0050000000
    0
    2       -0.0100000000
    5        0.0100000000
    0
    2       -0.0100000000
    4        0.0050000000
    5       -0.0050000000
    0
    2       -0.0100000000
    4        0.0050000000
    0
    2       -0.0100000000
    4        0.0050000000
    5        0.0050000000
    0
    2       -0.0100000000
    4        0.0100000000
    0
    2       -0.0100000000
    3        0.0050000000
    4       -0.0050000000
    0
    2       -0.0100000000
    3        0.0050000000
    5       -0.0050000000
    0
    2       -0.0100000000
    3        0.0050000000
    0
    2       -0.0100000000
    3        0.0050000000
    5        0.0050000000
    0
    2       -0.0100000000
    3        0.0050000000
    4        0.0050000000
    0
    2       -0.0100000000
    3        0.0100000000
    0
    2       -0.0050000000
    3       -0.0150000000
    0
    2       -0.0050000000
    3       -0.0100000000
    4       -0.0050000000
    0
    2       -0.0050000000
    3       -0.0100000000
    5       -0.0050000000
    0
    2       -0.0050000000
    3       -0.0100000000
    0
    2       -0.0050000000
    3       -0.0100000000
    5        0.0050000000
    0
    2       -0.0050000000
    3       -0.0100000000
    4        0.0050000000
    0
    2       -0.0050000000
    3       -0.0050000000
    4       -0.0100000000
    0
    2       -0.0050000000
    3       -0.0050000000
    4       -0.0050000000
    5       -0.0050000000
    0
    2       -0.0050000000
    3       -0.0050000000
    4       -0.0050000000
    0
    2       -0.0050000000
    3       -0.0050000000
    4       -0.0050000000
    5        0.0050000000
    0
    2       -0.0050000000
    3       -0.0050000000
    5       -0.0100000000
    0
    2       -0.0050000000
    3       -0.0050000000
    5       -0.0050000000
    0
    2       -0.0050000000
    3       -0.0050000000
    0
    2       -0.0050000000
    3       -0.0050000000
    6        0.0100000000
    0
    2       -0.0050000000
    3       -0.0050000000
    5        0.0050000000
    0
    2       -0.0050000000
    3       -0.0050000000
    5        0.0100000000
    0
    2       -0.0050000000
    3       -0.0050000000
    4        0.0050000000
    5       -0.0050000000
    0
    2       -0.0050000000
    3       -0.0050000000
    4        0.0050000000
    0
    2       -0.0050000000
    3       -0.0050000000
    4        0.0050000000
    5        0.0050000000
    0
    2       -0.0050000000
    3       -0.0050000000
    4        0.0100000000
    0
    2       -0.0050000000
    4       -0.0150000000
    0
    2       -0.0050000000
    4       -0.0100000000
    5       -0.0050000000
    0
    2       -0.0050000000
    4       -0.0100000000
    0
    2       -0.0050000000
    4       -0.0100000000
    5        0.0050000000
    0
    2       -0.0050000000
    4       -0.0050000000
    5       -0.0100000000
    0
    2       -0.0050000000
    4       -0.0050000000
    5       -0.0050000000
    0
    2       -0.0050000000
    4       -0.0050000000
    0
    2       -0.0050000000
    4       -0.0050000000
    6        0.0100000000
    0
    2       -0.0050000000
    4       -0.0050000000
    5        0.0050000000
    0
    2       -0.0050000000
    4       -0.0050000000
    5        0.0100000000
    0
    2       -0.0050000000
    5       -0.0150000000
    0
    2       -0.0050000000
    5       -0.0100000000
    0
    2       -0.0050000000
    5       -0.0050000000
    0
    2       -0.0050000000
    5       -0.0050000000
    6        0.0100000000
    0
    2       -0.0050000000
    0
    2       -0.0050000000
    6        0.0100000000
    0
    2       -0.0050000000
    5        0.0050000000
    0
    2       -0.0050000000
    5        0.0050000000
    6        0.0100000000
    0
    2       -0.0050000000
    5        0.0100000000
    0
    2       -0.0050000000
    5        0.0150000000
    0
    2       -0.0050000000
    4        0.0050000000
    5       -0.0100000000
    0
    2       -0.0050000000
    4        0.0050000000
    5       -0.0050000000
    0
    2       -0.0050000000
    4        0.0050000000
    0
    2       -0.0050000000
    4        0.0050000000
    6        0.0100000000
    0
    2       -0.0050000000
    4        0.0050000000
    5        0.0050000000
    0
    2       -0.0050000000
    4        0.0050000000
    5        0.0100000000
    0
    2       -0.0050000000
    4        0.0100000000
    5       -0.0050000000
    0
    2       -0.0050000000
    4        0.0100000000
    0
    2       -0.0050000000
    4        0.0100000000
    5        0.0050000000
    0
    2       -0.0050000000
    4        0.0150000000
    0
    2       -0.0050000000
    3        0.0050000000
    4       -0.0100000000
    0
    2       -0.0050000000
    3        0.0050000000
    4       -0.0050000000
    5       -0.0050000000
    0
    2       -0.0050000000
    3        0.0050000000
    4       -0.0050000000
    0
    2       -0.0050000000
    3        0.0050000000
    4       -0.0050000000
    5        0.0050000000
    0
    2       -0.0050000000
    3        0.0050000000
    5       -0.0100000000
    0
    2       -0.0050000000
    3        0.0050000000
    5       -0.0050000000
    0
    2       -0.0050000000
    3        0.0050000000
    0
    2       -0.0050000000
    3        0.0050000000
    6        0.0100000000
    0
    2       -0.0050000000
    3        0.0050000000
    5        0.0050000000
    0
    2       -0.0050000000
    3        0.0050000000
    5        0.0100000000
    0
    2       -0.0050000000
    3        0.0050000000
    4        0.0050000000
    5       -0.0050000000
    0
    2       -0.0050000000
    3        0.0050000000
    4        0.0050000000
    0
    2       -0.0050000000
    3        0.0050000000
    4        0.0050000000
    5        0.0050000000
    0
    2       -0.0050000000
    3        0.0050000000
    4        0.0100000000
    0
    2       -0.0050000000
    3        0.0100000000
    4       -0.0050000000
    0
    2       -0.0050000000
    3        0.0100000000
    5       -0.0050000000
    0
    2       -0.0050000000
    3        0.0100000000
    0
    2       -0.0050000000
    3        0.0100000000
    5        0.0050000000
    0
    2       -0.0050000000
    3        0.0100000000
    4        0.0050000000
    0
    2       -0.0050000000
    3        0.0150000000
    0
    3       -0.0200000000
    0
    3       -0.0150000000
    4       -0.0050000000
    0
    3       -0.0150000000
    5       -0.0050000000
    0
    3       -0.0150000000
    0
    3       -0.0150000000
    5        0.0050000000
    0
    3       -0.0150000000
    4        0.0050000000
    0
    3       -0.0100000000
    4       -0.0100000000
    0
    3       -0.0100000000
    4       -0.0050000000
    5       -0.0050000000
    0
    3       -0.0100000000
    4       -0.0050000000
    0
    3       -0.0100000000
    4       -0.0050000000
    5        0.0050000000
    0
    3       -0.0100000000
    5       -0.0100000000
    0
    3       -0.0100000000
    5       -0.0050000000
    0
    3       -0.0100000000
    0
    3       -0.0100000000
    6        0.0100000000
    0
    3       -0.0100000000
    5        0.0050000000
    0
    3       -0.0100000000
    5        0.0100000000
    0
    3       -0.0100000000
    4        0.0050000000
    5       -0.0050000000
    0
    3       -0.0100000000
    4        0.0050000000
    0
    3       -0.0100000000
    4        0.0050000000
    5        0.0050000000
    0
    3       -0.0100000000
    4        0.0100000000
    0
    3       -0.0050000000
    4       -0.0150000000
    0
    3       -0.0050000000
    4       -0.0100000000
    5       -0.0050000000
    0
    3       -0.0050000000
    4       -0.0100000000
    0
    3       -0.0050000000
    4       -0.0100000000
    5        0.0050000000
    0
    3       -0.0050000000
    4       -0.0050000000
    5       -0.0100000000
    0
    3       -0.0050000000
    4       -0.0050000000
    5       -0.0050000000
    0
    3       -0.0050000000
    4       -0.0050000000
    0
    3       -0.0050000000
    4       -0.0050000000
    6        0.0100000000
    0
    3       -0.0050000000
    4       -0.0050000000
    5        0.0050000000
    0
    3       -0.0050000000
    4       -0.0050000000
    5        0.0100000000
    0
    3       -0.0050000000
    5       -0.0150000000
    0
    3       -0.0050000000
    5       -0.0100000000
    0
    3       -0.0050000000
    5       -0.0050000000
    0
    3       -0.0050000000
    5       -0.0050000000
    6        0.0100000000
    0
    3       -0.0050000000
    0
    3       -0.0050000000
    6        0.0100000000
    0
    3       -0.0050000000
    5        0.0050000000
    0
    3       -0.0050000000
    5        0.0050000000
    6        0.0100000000
    0
    3       -0.0050000000
    5        0.0100000000
    0
    3       -0.0050000000
    5        0.0150000000
    0
    3       -0.0050000000
    4        0.0050000000
    5       -0.0100000000
    0
    3       -0.0050000000
    4        0.0050000000
    5       -0.0050000000
    0
    3       -0.0050000000
    4        0.0050000000
    0
    3       -0.0050000000
    4        0.0050000000
    6        0.0100000000
    0
    3       -0.0050000000
    4        0.0050000000
    5        0.0050000000
    0
    3       -0.0050000000
    4        0.0050000000
    5        0.0100000000
    0
    3       -0.0050000000
    4        0.0100000000
    5       -0.0050000000
    0
    3       -0.0050000000
    4        0.0100000000
    0
    3       -0.0050000000
    4        0.0100000000
    5        0.0050000000
    0
    3       -0.0050000000
    4        0.0150000000
    0
    4       -0.0200000000
    0
    4       -0.0150000000
    5       -0.0050000000
    0
    4       -0.0150000000
    0
    4       -0.0150000000
    5        0.0050000000
    0
    4       -0.0100000000
    5       -0.0100000000
    0
    4       -0.0100000000
    5       -0.0050000000
    0
    4       -0.0100000000
    0
    4       -0.0100000000
    6        0.0100000000
    0
    4       -0.0100000000
    5        0.0050000000
    0
    4       -0.0100000000
    5        0.0100000000
    0
    4       -0.0050000000
    5       -0.0150000000
    0
    4       -0.0050000000
    5       -0.0100000000
    0
    4       -0.0050000000
    5       -0.0050000000
    0
    4       -0.0050000000
    5       -0.0050000000
    6        0.0100000000
    0
    4       -0.0050000000
    0
    4       -0.0050000000
    6        0.0100000000
    0
    4       -0.0050000000
    5        0.0050000000
    0
    4       -0.0050000000
    5        0.0050000000
    6        0.0100000000
    0
    4       -0.0050000000
    5        0.0100000000
    0
    4       -0.0050000000
    5        0.0150000000
    0
    5       -0.0200000000
    0
    5       -0.0150000000
    0
    5       -0.0100000000
    0
    5       -0.0100000000
    6        0.0100000000
    0
    5       -0.0050000000
    0
    5       -0.0050000000
    6        0.0100000000
    0
    6        0.0100000000
    0
    6        0.0200000000
    0
    5        0.0050000000
    0
    5        0.0050000000
    6        0.0100000000
    0
    5        0.0100000000
    0
    5        0.0100000000
    6        0.0100000000
    0
    5        0.0150000000
    0
    5        0.0200000000
    0
    4        0.0050000000
    5       -0.0150000000
    0
    4        0.0050000000
    5       -0.0100000000
    0
    4        0.0050000000
    5       -0.0050000000
    0
    4        0.0050000000
    5       -0.0050000000
    6        0.0100000000
    0
    4        0.0050000000
    0
    4        0.0050000000
    6        0.0100000000
    0
    4        0.0050000000
    5        0.0050000000
    0
    4        0.0050000000
    5        0.0050000000
    6        0.0100000000
    0
    4        0.0050000000
    5        0.0100000000
    0
    4        0.0050000000
    5        0.0150000000
    0
    4        0.0100000000
    5       -0.0100000000
    0
    4        0.0100000000
    5       -0.0050000000
    0
    4        0.0100000000
    0
    4        0.0100000000
    6        0.0100000000
    0
    4        0.0100000000
    5        0.0050000000
    0
    4        0.0100000000
    5        0.0100000000
    0
    4        0.0150000000
    5       -0.0050000000
    0
    4        0.0150000000
    0
    4        0.0150000000
    5        0.0050000000
    0
    4        0.0200000000
    0
    3        0.0050000000
    4       -0.0150000000
    0
    3        0.0050000000
    4       -0.0100000000
    5       -0.0050000000
    0
    3        0.0050000000
    4       -0.0100000000
    0
    3        0.0050000000
    4       -0.0100000000
    5        0.0050000000
    0
    3        0.0050000000
    4       -0.0050000000
    5       -0.0100000000
    0
    3        0.0050000000
    4       -0.0050000000
    5       -0.0050000000
    0
    3        0.0050000000
    4       -0.0050000000
    0
    3        0.0050000000
    4       -0.0050000000
    6        0.0100000000
    0
    3        0.0050000000
    4       -0.0050000000
    5        0.0050000000
    0
    3        0.0050000000
    4       -0.0050000000
    5        0.0100000000
    0
    3        0.0050000000
    5       -0.0150000000
    0
    3        0.0050000000
    5       -0.0100000000
    0
    3        0.0050000000
    5       -0.0050000000
    0
    3        0.0050000000
    5       -0.0050000000
    6        0.0100000000
    0
    3        0.0050000000
    0
    3        0.0050000000
    6        0.0100000000
    0
    3        0.0050000000
    5        0.0050000000
    0
    3        0.0050000000
    5        0.0050000000
    6        0.0100000000
    0
    3        0.0050000000
    5        0.0100000000
    0
    3        0.0050000000
    5        0.0150000000
    0
    3        0.0050000000
    4        0.0050000000
    5       -0.0100000000
    0
    3        0.0050000000
    4        0.0050000000
    5       -0.0050000000
    0
    3        0.0050000000
    4        0.0050000000
    0
    3        0.0050000000
    4        0.0050000000
    6        0.0100000000
    0
    3        0.0050000000
    4        0.0050000000
    5        0.0050000000
    0
    3        0.0050000000
    4        0.0050000000
    5        0.0100000000
    0
    3        0.0050000000
    4        0.0100000000
    5       -0.0050000000
    0
    3        0.0050000000
    4        0.0100000000
    0
    3        0.0050000000
    4        0.0100000000
    5        0.0050000000
    0
    3        0.0050000000
    4        0.0150000000
    0
    3        0.0100000000
    4       -0.0100000000
    0
    3        0.0100000000
    4       -0.0050000000
    5       -0.0050000000
    0
    3        0.0100000000
    4       -0.0050000000
    0
    3        0.0100000000
    4       -0.0050000000
    5        0.0050000000
    0
    3        0.0100000000
    5       -0.0100000000
    0
    3        0.0100000000
    5       -0.0050000000
    0
    3        0.0100000000
    0
    3        0.0100000000
    6        0.0100000000
    0
    3        0.0100000000
    5        0.0050000000
    0
    3        0.0100000000
    5        0.0100000000
    0
    3        0.0100000000
    4        0.0050000000
    5       -0.0050000000
    0
    3        0.0100000000
    4        0.0050000000
    0
    3        0.0100000000
    4        0.0050000000
    5        0.0050000000
    0
    3        0.0100000000
    4        0.0100000000
    0
    3        0.0150000000
    4       -0.0050000000
    0
    3        0.0150000000
    5       -0.0050000000
    0
    3        0.0150000000
    0
    3        0.0150000000
    5        0.0050000000
    0
    3        0.0150000000
    4        0.0050000000
    0
    3        0.0200000000
    0
    2        0.0050000000
    3       -0.0150000000
    0
    2        0.0050000000
    3       -0.0100000000
    4       -0.0050000000
    0
    2        0.0050000000
    3       -0.0100000000
    5       -0.0050000000
    0
    2        0.0050000000
    3       -0.0100000000
    0
    2        0.0050000000
    3       -0.0100000000
    5        0.0050000000
    0
    2        0.0050000000
    3       -0.0100000000
    4        0.0050000000
    0
    2        0.0050000000
    3       -0.0050000000
    4       -0.0100000000
    0
    2        0.0050000000
    3       -0.0050000000
    4       -0.0050000000
    5       -0.0050000000
    0
    2        0.0050000000
    3       -0.0050000000
    4       -0.0050000000
    0
    2        0.0050000000
    3       -0.0050000000
    4       -0.0050000000
    5        0.0050000000
    0
    2        0.0050000000
    3       -0.0050000000
    5       -0.0100000000
    0
    2        0.0050000000
    3       -0.0050000000
    5       -0.0050000000
    0
    2        0.0050000000
    3       -0.0050000000
    0
    2        0.0050000000
    3       -0.0050000000
    6        0.0100000000
    0
    2        0.0050000000
    3       -0.0050000000
    5        0.0050000000
    0
    2        0.0050000000
    3       -0.0050000000
    5        0.0100000000
    0
    2        0.0050000000
    3       -0.0050000000
    4        0.0050000000
    5       -0.0050000000
    0
    2        0.0050000000
    3       -0.0050000000
    4        0.0050000000
    0
    2        0.0050000000
    3       -0.0050000000
    4        0.0050000000
    5        0.0050000000
    0
    2        0.0050000000
    3       -0.0050000000
    4        0.0100000000
    0
    2        0.0050000000
    4       -0.0150000000
    0
    2        0.0050000000
    4       -0.0100000000
    5       -0.0050000000
    0
    2        0.0050000000
    4       -0.0100000000
    0
    2        0.0050000000
    4       -0.0100000000
    5        0.0050000000
    0
    2        0.0050000000
    4       -0.0050000000
    5       -0.0100000000
    0
    2        0.0050000000
    4       -0.0050000000
    5       -0.0050000000
    0
    2        0.0050000000
    4       -0.0050000000
    0
    2        0.0050000000
    4       -0.0050000000
    6        0.0100000000
    0
    2        0.0050000000
    4       -0.0050000000
    5        0.0050000000
    0
    2        0.0050000000
    4       -0.0050000000
    5        0.0100000000
    0
    2        0.0050000000
    5       -0.0150000000
    0
    2        0.0050000000
    5       -0.0100000000
    0
    2        0.0050000000
    5       -0.0050000000
    0
    2        0.0050000000
    5       -0.0050000000
    6        0.0100000000
    0
    2        0.0050000000
    0
    2        0.0050000000
    6        0.0100000000
    0
    2        0.0050000000
    5        0.0050000000
    0
    2        0.0050000000
    5        0.0050000000
    6        0.0100000000
    0
    2        0.0050000000
    5        0.0100000000
    0
    2        0.0050000000
    5        0.0150000000
    0
    2        0.0050000000
    4        0.0050000000
    5       -0.0100000000
    0
    2        0.0050000000
    4        0.0050000000
    5       -0.0050000000
    0
    2        0.0050000000
    4        0.0050000000
    0
    2        0.0050000000
    4        0.0050000000
    6        0.0100000000
    0
    2        0.0050000000
    4        0.0050000000
    5        0.0050000000
    0
    2        0.0050000000
    4        0.0050000000
    5        0.0100000000
    0
    2        0.0050000000
    4        0.0100000000
    5       -0.0050000000
    0
    2        0.0050000000
    4        0.0100000000
    0
    2        0.0050000000
    4        0.0100000000
    5        0.0050000000
    0
    2        0.0050000000
    4        0.0150000000
    0
    2        0.0050000000
    3        0.0050000000
    4       -0.0100000000
    0
    2        0.0050000000
    3        0.0050000000
    4       -0.0050000000
    5       -0.0050000000
    0
    2        0.0050000000
    3        0.0050000000
    4       -0.0050000000
    0
    2        0.0050000000
    3        0.0050000000
    4       -0.0050000000
    5        0.0050000000
    0
    2        0.0050000000
    3        0.0050000000
    5       -0.0100000000
    0
    2        0.0050000000
    3        0.0050000000
    5       -0.0050000000
    0
    2        0.0050000000
    3        0.0050000000
    0
    2        0.0050000000
    3        0.0050000000
    6        0.0100000000
    0
    2        0.0050000000
    3        0.0050000000
    5        0.0050000000
    0
    2        0.0050000000
    3        0.0050000000
    5        0.0100000000
    0
    2        0.0050000000
    3        0.0050000000
    4        0.0050000000
    5       -0.0050000000
    0
    2        0.0050000000
    3        0.0050000000
    4        0.0050000000
    0
    2        0.0050000000
    3        0.0050000000
    4        0.0050000000
    5        0.0050000000
    0
    2        0.0050000000
    3        0.0050000000
    4        0.0100000000
    0
    2        0.0050000000
    3        0.0100000000
    4       -0.0050000000
    0
    2        0.0050000000
    3        0.0100000000
    5       -0.0050000000
    0
    2        0.0050000000
    3        0.0100000000
    0
    2        0.0050000000
    3        0.0100000000
    5        0.0050000000
    0
    2        0.0050000000
    3        0.0100000000
    4        0.0050000000
    0
    2        0.0050000000
    3        0.0150000000
    0
    2        0.0100000000
    3       -0.0100000000
    0
    2        0.0100000000
    3       -0.0050000000
    4       -0.0050000000
    0
    2        0.0100000000
    3       -0.0050000000
    5       -0.0050000000
    0
    2        0.0100000000
    3       -0.0050000000
    0
    2        0.0100000000
    3       -0.0050000000
    5        0.0050000000
    0
    2        0.0100000000
    3       -0.0050000000
    4        0.0050000000
    0
    2        0.0100000000
    4       -0.0100000000
    0
    2        0.0100000000
    4       -0.0050000000
    5       -0.0050000000
    0
    2        0.0100000000
    4       -0.0050000000
    0
    2        0.0100000000
    4       -0.0050000000
    5        0.0050000000
    0
    2        0.0100000000
    5       -0.0100000000
    0
    2        0.0100000000
    5       -0.0050000000
    0
    2        0.0100000000
    0
    2        0.0100000000
    6        0.0100000000
    0
    2        0.0100000000
    5        0.0050000000
    0
    2        0.0100000000
    5        0.0100000000
    0
    2        0.0100000000
    4        0.0050000000
    5       -0.0050000000
    0
    2        0.0100000000
    4        0.0050000000
    0
    2        0.0100000000
    4        0.0050000000
    5        0.0050000000
    0
    2        0.0100000000
    4        0.0100000000
    0
    2        0.0100000000
    3        0.0050000000
    4       -0.0050000000
    0
    2        0.0100000000
    3        0.0050000000
    5       -0.0050000000
    0
    2        0.0100000000
    3        0.0050000000
    0
    2        0.0100000000
    3        0.0050000000
    5        0.0050000000
    0
    2        0.0100000000
    3        0.0050000000
    4        0.0050000000
    0
    2        0.0100000000
    3        0.0100000000
    0
    2        0.0150000000
    3       -0.0050000000
    0
    2        0.0150000000
    4       -0.0050000000
    0
    2        0.0150000000
    5       -0.0050000000
    0
    2        0.0150000000
    0
    2        0.0150000000
    5        0.0050000000
    0
    2        0.0150000000
    4        0.0050000000
    0
    2        0.0150000000
    3        0.0050000000
    0
    2        0.0200000000
    0
    1        0.0050000000
    2       -0.0150000000
    0
    1        0.0050000000
    2       -0.0100000000
    3       -0.0050000000
    0
    1        0.0050000000
    2       -0.0100000000
    4       -0.0050000000
    0
    1        0.0050000000
    2       -0.0100000000
    5       -0.0050000000
    0
    1        0.0050000000
    2       -0.0100000000
    0
    1        0.0050000000
    2       -0.0100000000
    5        0.0050000000
    0
    1        0.0050000000
    2       -0.0100000000
    4        0.0050000000
    0
    1        0.0050000000
    2       -0.0100000000
    3        0.0050000000
    0
    1        0.0050000000
    2       -0.0050000000
    3       -0.0100000000
    0
    1        0.0050000000
    2       -0.0050000000
    3       -0.0050000000
    4       -0.0050000000
    0
    1        0.0050000000
    2       -0.0050000000
    3       -0.0050000000
    5       -0.0050000000
    0
    1        0.0050000000
    2       -0.0050000000
    3       -0.0050000000
    0
    1        0.0050000000
    2       -0.0050000000
    3       -0.0050000000
    5        0.0050000000
    0
    1        0.0050000000
    2       -0.0050000000
    3       -0.0050000000
    4        0.0050000000
    0
    1        0.0050000000
    2       -0.0050000000
    4       -0.0100000000
    0
    1        0.0050000000
    2       -0.0050000000
    4       -0.0050000000
    5       -0.0050000000
    0
    1        0.0050000000
    2       -0.0050000000
    4       -0.0050000000
    0
    1        0.0050000000
    2       -0.0050000000
    4       -0.0050000000
    5        0.0050000000
    0
    1        0.0050000000
    2       -0.0050000000
    5       -0.0100000000
    0
    1        0.0050000000
    2       -0.0050000000
    5       -0.0050000000
    0
    1        0.0050000000
    2       -0.0050000000
    0
    1        0.0050000000
    2       -0.0050000000
    6        0.0100000000
    0
    1        0.0050000000
    2       -0.0050000000
    5        0.0050000000
    0
    1        0.0050000000
    2       -0.0050000000
    5        0.0100000000
    0
    1        0.0050000000
    2       -0.0050000000
    4        0.0050000000
    5       -0.0050000000
    0
    1        0.0050000000
    2       -0.0050000000
    4        0.0050000000
    0
    1        0.0050000000
    2       -0.0050000000
    4        0.0050000000
    5        0.0050000000
    0
    1        0.0050000000
    2       -0.0050000000
    4        0.0100000000
    0
    1        0.0050000000
    2       -0.0050000000
    3        0.0050000000
    4       -0.0050000000
    0
    1        0.0050000000
    2       -0.0050000000
    3        0.0050000000
    5       -0.0050000000
    0
    1        0.0050000000
    2       -0.0050000000
    3        0.0050000000
    0
    1        0.0050000000
    2       -0.0050000000
    3        0.0050000000
    5        0.0050000000
    0
    1        0.0050000000
    2       -0.0050000000
    3        0.0050000000
    4        0.0050000000
    0
    1        0.0050000000
    2       -0.0050000000
    3        0.0100000000
    0
    1        0.0050000000
    3       -0.0150000000
    0
    1        0.0050000000
    3       -0.0100000000
    4       -0.0050000000
    0
    1        0.0050000000
    3       -0.0100000000
    5       -0.0050000000
    0
    1        0.0050000000
    3       -0.0100000000
    0
    1        0.0050000000
    3       -0.0100000000
    5        0.0050000000
    0
    1        0.0050000000
    3       -0.0100000000
    4        0.0050000000
    0
    1        0.0050000000
    3       -0.0050000000
    4       -0.0100000000
    0
    1        0.0050000000
    3       -0.0050000000
    4       -0.0050000000
    5       -0.0050000000
    0
    1        0.0050000000
    3       -0.0050000000
    4       -0.0050000000
    0
    1        0.0050000000
    3       -0.0050000000
    4       -0.0050000000
    5        0.0050000000
    0
    1        0.0050000000
    3       -0.0050000000
    5       -0.0100000000
    0
    1        0.0050000000
    3       -0.0050000000
    5       -0.0050000000
    0
    1        0.0050000000
    3       -0.0050000000
    0
    1        0.0050000000
    3       -0.0050000000
    6        0.0100000000
    0
    1        0.0050000000
    3       -0.0050000000
    5        0.0050000000
    0
    1        0.0050000000
    3       -0.0050000000
    5        0.0100000000
    0
    1        0.0050000000
    3       -0.0050000000
    4        0.0050000000
    5       -0.0050000000
    0
    1        0.0050000000
    3       -0.0050000000
    4        0.0050000000
    0
    1        0.0050000000
    3       -0.0050000000
    4        0.0050000000
    5        0.0050000000
    0
    1        0.0050000000
    3       -0.0050000000
    4        0.0100000000
    0
    1        0.0050000000
    4       -0.0150000000
    0
    1        0.0050000000
    4       -0.0100000000
    5       -0.0050000000
    0
    1        0.0050000000
    4       -0.0100000000
    0
    1        0.0050000000
    4       -0.0100000000
    5        0.0050000000
    0
    1        0.0050000000
    4       -0.0050000000
    5       -0.0100000000
    0
    1        0.0050000000
    4       -0.0050000000
    5       -0.0050000000
    0
    1        0.0050000000
    4       -0.0050000000
    0
    1        0.0050000000
    4       -0.0050000000
    6        0.0100000000
    0
    1        0.0050000000
    4       -0.0050000000
    5        0.0050000000
    0
    1        0.0050000000
    4       -0.0050000000
    5        0.0100000000
    0
    1        0.0050000000
    5       -0.0150000000
    0
    1        0.0050000000
    5       -0.0100000000
    0
    1        0.0050000000
    5       -0.0050000000
    0
    1        0.0050000000
    5       -0.0050000000
    6        0.0100000000
    0
    1        0.0050000000
    0
    1        0.0050000000
    6        0.0100000000
    0
    1        0.0050000000
    5        0.0050000000
    0
    1        0.0050000000
    5        0.0050000000
    6        0.0100000000
    0
    1        0.0050000000
    5        0.0100000000
    0
    1        0.0050000000
    5        0.0150000000
    0
    1        0.0050000000
    4        0.0050000000
    5       -0.0100000000
    0
    1        0.0050000000
    4        0.0050000000
    5       -0.0050000000
    0
    1        0.0050000000
    4        0.0050000000
    0
    1        0.0050000000
    4        0.0050000000
    6        0.0100000000
    0
    1        0.0050000000
    4        0.0050000000
    5        0.0050000000
    0
    1        0.0050000000
    4        0.0050000000
    5        0.0100000000
    0
    1        0.0050000000
    4        0.0100000000
    5       -0.0050000000
    0
    1        0.0050000000
    4        0.0100000000
    0
    1        0.0050000000
    4        0.0100000000
    5        0.0050000000
    0
    1        0.0050000000
    4        0.0150000000
    0
    1        0.0050000000
    3        0.0050000000
    4       -0.0100000000
    0
    1        0.0050000000
    3        0.0050000000
    4       -0.0050000000
    5       -0.0050000000
    0
    1        0.0050000000
    3        0.0050000000
    4       -0.0050000000
    0
    1        0.0050000000
    3        0.0050000000
    4       -0.0050000000
    5        0.0050000000
    0
    1        0.0050000000
    3        0.0050000000
    5       -0.0100000000
    0
    1        0.0050000000
    3        0.0050000000
    5       -0.0050000000
    0
    1        0.0050000000
    3        0.0050000000
    0
    1        0.0050000000
    3        0.0050000000
    6        0.0100000000
    0
    1        0.0050000000
    3        0.0050000000
    5        0.0050000000
    0
    1        0.0050000000
    3        0.0050000000
    5        0.0100000000
    0
    1        0.0050000000
    3        0.0050000000
    4        0.0050000000
    5       -0.0050000000
    0
    1        0.0050000000
    3        0.0050000000
    4        0.0050000000
    0
    1        0.0050000000
    3        0.0050000000
    4        0.0050000000
    5        0.0050000000
    0
    1        0.0050000000
    3        0.0050000000
    4        0.0100000000
    0
    1        0.0050000000
    3        0.0100000000
    4       -0.0050000000
    0
    1        0.0050000000
    3        0.0100000000
    5       -0.0050000000
    0
    1        0.0050000000
    3        0.0100000000
    0
    1        0.0050000000
    3        0.0100000000
    5        0.0050000000
    0
    1        0.0050000000
    3        0.0100000000
    4        0.0050000000
    0
    1        0.0050000000
    3        0.0150000000
    0
    1        0.0050000000
    2        0.0050000000
    3       -0.0100000000
    0
    1        0.0050000000
    2        0.0050000000
    3       -0.0050000000
    4       -0.0050000000
    0
    1        0.0050000000
    2        0.0050000000
    3       -0.0050000000
    5       -0.0050000000
    0
    1        0.0050000000
    2        0.0050000000
    3       -0.0050000000
    0
    1        0.0050000000
    2        0.0050000000
    3       -0.0050000000
    5        0.0050000000
    0
    1        0.0050000000
    2        0.0050000000
    3       -0.0050000000
    4        0.0050000000
    0
    1        0.0050000000
    2        0.0050000000
    4       -0.0100000000
    0
    1        0.0050000000
    2        0.0050000000
    4       -0.0050000000
    5       -0.0050000000
    0
    1        0.0050000000
    2        0.0050000000
    4       -0.0050000000
    0
    1        0.0050000000
    2        0.0050000000
    4       -0.0050000000
    5        0.0050000000
    0
    1        0.0050000000
    2        0.0050000000
    5       -0.0100000000
    0
    1        0.0050000000
    2        0.0050000000
    5       -0.0050000000
    0
    1        0.0050000000
    2        0.0050000000
    0
    1        0.0050000000
    2        0.0050000000
    6        0.0100000000
    0
    1        0.0050000000
    2        0.0050000000
    5        0.0050000000
    0
    1        0.0050000000
    2        0.0050000000
    5        0.0100000000
    0
    1        0.0050000000
    2        0.0050000000
    4        0.0050000000
    5       -0.0050000000
    0
    1        0.0050000000
    2        0.0050000000
    4        0.0050000000
    0
    1        0.0050000000
    2        0.0050000000
    4        0.0050000000
    5        0.0050000000
    0
    1        0.0050000000
    2        0.0050000000
    4        0.0100000000
    0
    1        0.0050000000
    2        0.0050000000
    3        0.0050000000
    4       -0.0050000000
    0
    1        0.0050000000
    2        0.0050000000
    3        0.0050000000
    5       -0.0050000000
    0
    1        0.0050000000
    2        0.0050000000
    3        0.0050000000
    0
    1        0.0050000000
    2        0.0050000000
    3        0.0050000000
    5        0.0050000000
    0
    1        0.0050000000
    2        0.0050000000
    3        0.0050000000
    4        0.0050000000
    0
    1        0.0050000000
    2        0.0050000000
    3        0.0100000000
    0
    1        0.0050000000
    2        0.0100000000
    3       -0.0050000000
    0
    1        0.0050000000
    2        0.0100000000
    4       -0.0050000000
    0
    1        0.0050000000
    2        0.0100000000
    5       -0.0050000000
    0
    1        0.0050000000
    2        0.0100000000
    0
    1        0.0050000000
    2        0.0100000000
    5        0.0050000000
    0
    1        0.0050000000
    2        0.0100000000
    4        0.0050000000
    0
    1        0.0050000000
    2        0.0100000000
    3        0.0050000000
    0
    1        0.0050000000
    2        0.0150000000
    0
    1        0.0100000000
    2       -0.0100000000
    0
    1        0.0100000000
    2       -0.0050000000
    3       -0.0050000000
    0
    1        0.0100000000
    2       -0.0050000000
    4       -0.0050000000
    0
    1        0.0100000000
    2       -0.0050000000
    5       -0.0050000000
    0
    1        0.0100000000
    2       -0.0050000000
    0
    1        0.0100000000
    2       -0.0050000000
    5        0.0050000000
    0
    1        0.0100000000
    2       -0.0050000000
    4        0.0050000000
    0
    1        0.0100000000
    2       -0.0050000000
    3        0.0050000000
    0
    1        0.0100000000
    3       -0.0100000000
    0
    1        0.0100000000
    3       -0.0050000000
    4       -0.0050000000
    0
    1        0.0100000000
    3       -0.0050000000
    5       -0.0050000000
    0
    1        0.0100000000
    3       -0.0050000000
    0
    1        0.0100000000
    3       -0.0050000000
    5        0.0050000000
    0
    1        0.0100000000
    3       -0.0050000000
    4        0.0050000000
    0
    1        0.0100000000
    4       -0.0100000000
    0
    1        0.0100000000
    4       -0.0050000000
    5       -0.0050000000
    0
    1        0.0100000000
    4       -0.0050000000
    0
    1        0.0100000000
    4       -0.0050000000
    5        0.0050000000
    0
    1        0.0100000000
    5       -0.0100000000
    0
    1        0.0100000000
    5       -0.0050000000
    0
    1        0.0100000000
    0
    1        0.0100000000
    6        0.0100000000
    0
    1        0.0100000000
    5        0.0050000000
    0
    1        0.0100000000
    5        0.0100000000
    0
    1        0.0100000000
    4        0.0050000000
    5       -0.0050000000
    0
    1        0.0100000000
    4        0.0050000000
    0
    1        0.0100000000
    4        0.0050000000
    5        0.0050000000
    0
    1        0.0100000000
    4        0.0100000000
    0
    1        0.0100000000
    3        0.0050000000
    4       -0.0050000000
    0
    1        0.0100000000
    3        0.0050000000
    5       -0.0050000000
    0
    1        0.0100000000
    3        0.0050000000
    0
    1        0.0100000000
    3        0.0050000000
    5        0.0050000000
    0
    1        0.0100000000
    3        0.0050000000
    4        0.0050000000
    0
    1        0.0100000000
    3        0.0100000000
    0
    1        0.0100000000
    2        0.0050000000
    3       -0.0050000000
    0
    1        0.0100000000
    2        0.0050000000
    4       -0.0050000000
    0
    1        0.0100000000
    2        0.0050000000
    5       -0.0050000000
    0
    1        0.0100000000
    2        0.0050000000
    0
    1        0.0100000000
    2        0.0050000000
    5        0.0050000000
    0
    1        0.0100000000
    2        0.0050000000
    4        0.0050000000
    0
    1        0.0100000000
    2        0.0050000000
    3        0.0050000000
    0
    1        0.0100000000
    2        0.0100000000
    0
    1        0.0150000000
    2       -0.0050000000
    0
    1        0.0150000000
    3       -0.0050000000
    0
    1        0.0150000000
    4       -0.0050000000
    0
    1        0.0150000000
    5       -0.0050000000
    0
    1        0.0150000000
    0
    1        0.0150000000
    5        0.0050000000
    0
    1        0.0150000000
    4        0.0050000000
    0
    1        0.0150000000
    3        0.0050000000
    0
    1        0.0150000000
    2        0.0050000000
    0
    1        0.0200000000
    0

