# INTDER ##########################
    3    4    4    4    0    3    2    2    0    1    3    0    0    0    0    0
STRE     1    2
STRE     2    3
LIN1     1    2    3    4
LIN1     1    2    3    5
    1   1   1.000000000
    2   2   1.000000000
    3   3   1.000000000
    4   4   1.000000000
   0
      0.000000000000     0.000000000000    -1.058709773679
      0.000000000000     0.000000000000     2.093247006853
      0.000000000000     0.000000000000     4.136894290152
      0.000000000000     1.889725988579     0.000000000000
      1.889725988579     0.000000000000     0.000000000000
        SI28         C12         H1
    1    1    0    0      6.331824677404
    2    1    0    0     -0.080585634798
    2    2    0    0      5.639231961425
    3    3    0    0      0.173278743973
    4    4    0    0      0.173278743973
    0
    1    1    1    0    -31.956280982084
    2    1    1    0     -0.296654772251
    2    2    1    0      0.051727716119
    2    2    2    0    -33.116828840642
    3    3    1    0     -0.481611189894
    3    3    2    0     -0.154530367114
    4    4    1    0     -0.481611189894
    4    4    2    0     -0.154530367114
    0
    1    1    1    1    122.910342273650
    2    1    1    1      1.243275909660
    2    2    1    1     -0.997882153244
    2    2    2    1     -0.281905993000
    2    2    2    2    164.920382619500
    3    3    1    1      0.722200577041
    3    3    2    1      0.285853026550
    3    3    2    2      0.408200326154
    3    3    3    3     -0.211551016488
    4    4    1    1      0.722200577041
    4    4    2    1      0.285853026550
    4    4    2    2      0.408200326154
    4    4    4    4     -0.211551016488
    3    3    4    4      0.160521319801
    0




