!INPUT
TITLE
 CuCN CcCR
INDEPENDENT VARIABLES
   3
DATA POINTS
 69    -2
(3F12.8,f20.15)
 -0.02000000  0.00000000  0.00000000 -328.080739991841995
 -0.01500000 -0.00500000  0.00000000 -328.080789216894004
 -0.01500000  0.00000000  0.00000000 -328.080782964095988
 -0.01500000  0.00500000  0.00000000 -328.080745019496987
 -0.01000000 -0.01000000  0.00000000 -328.080767973683010
 -0.01000000 -0.00500000  0.00000000 -328.080794819150981
 -0.01000000  0.00000000  0.00000000 -328.080789026859009
 -0.01000000  0.00000000  0.01000000 -328.080787055272026
 -0.01000000  0.00000000 -0.01000000 -328.080787055272026
 -0.01000000  0.00500000  0.00000000 -328.080751540837980
 -0.01000000  0.01000000  0.00000000 -328.080683283038013
 -0.00500000 -0.01500000  0.00000000 -328.080676182158015
 -0.00500000 -0.01000000  0.00000000 -328.080737105959997
 -0.00500000 -0.00500000  0.00000000 -328.080764422380014
 -0.00500000 -0.00500000  0.01000000 -328.080762469691024
 -0.00500000 -0.00500000 -0.01000000 -328.080762469691024
 -0.00500000  0.00000000  0.00000000 -328.080759099002989
 -0.00500000  0.00000000  0.01000000 -328.080757154419985
 -0.00500000  0.00000000 -0.01000000 -328.080757154419985
 -0.00500000  0.00500000  0.00000000 -328.080722081311023
 -0.00500000  0.00500000  0.01000000 -328.080720145187001
 -0.00500000  0.00500000 -0.01000000 -328.080720145187001
 -0.00500000  0.01000000  0.00000000 -328.080654289543986
 -0.00500000  0.01500000  0.00000000 -328.080556622454026
  0.00000000 -0.02000000  0.00000000 -328.080513722284991
  0.00000000 -0.01500000  0.00000000 -328.080609730475999
  0.00000000 -0.01000000  0.00000000 -328.080671134057980
  0.00000000 -0.01000000  0.01000000 -328.080669199797001
  0.00000000 -0.01000000 -0.01000000 -328.080669199797001
  0.00000000 -0.00500000  0.00000000 -328.080698928405980
  0.00000000 -0.00500000  0.01000000 -328.080697003135981
  0.00000000 -0.00500000 -0.01000000 -328.080697003135981
  0.00000000  0.00000000  0.00000000 -328.080694082766001
  0.00000000  0.00000000  0.01000000 -328.080692165650987
  0.00000000  0.00000000 -0.01000000 -328.080692165650987
  0.00000000  0.00000000  0.02000000 -328.080686414402010
  0.00000000  0.00000000 -0.02000000 -328.080686414402010
  0.00000000  0.00500000  0.00000000 -328.080657540815992
  0.00000000  0.00500000  0.01000000 -328.080655631919001
  0.00000000  0.00500000 -0.01000000 -328.080655631919001
  0.00000000  0.01000000  0.00000000 -328.080590224317007
  0.00000000  0.01000000  0.01000000 -328.080588323885991
  0.00000000  0.01000000 -0.01000000 -328.080588323885991
  0.00000000  0.01500000  0.00000000 -328.080493030795992
  0.00000000  0.02000000  0.00000000 -328.080366836671999
  0.00500000 -0.01500000  0.00000000 -328.080509049123975
  0.00500000 -0.01000000  0.00000000 -328.080570940681014
  0.00500000 -0.00500000  0.00000000 -328.080599222050012
  0.00500000 -0.00500000  0.01000000 -328.080597323263987
  0.00500000 -0.00500000 -0.01000000 -328.080597323263987
  0.00500000  0.00000000  0.00000000 -328.080594861108011
  0.00500000  0.00000000  0.01000000 -328.080592971200019
  0.00500000  0.00000000 -0.01000000 -328.080592971200019
  0.00500000  0.00500000  0.00000000 -328.080558803526003
  0.00500000  0.00500000  0.01000000 -328.080556921467974
  0.00500000  0.00500000 -0.01000000 -328.080556921467974
  0.00500000  0.01000000  0.00000000 -328.080491969911975
  0.00500000  0.01500000  0.00000000 -328.080395259062016
  0.01000000 -0.01000000  0.00000000 -328.080437391762985
  0.01000000 -0.00500000  0.00000000 -328.080466167229019
  0.01000000  0.00000000  0.00000000 -328.080462299698979
  0.01000000  0.00000000  0.01000000 -328.080460436081012
  0.01000000  0.00000000 -0.01000000 -328.080460436081012
  0.01000000  0.00500000  0.00000000 -328.080426734881996
  0.01000000  0.01000000  0.00000000 -328.080360392734008
  0.01500000 -0.00500000  0.00000000 -328.080300613981024
  0.01500000  0.00000000  0.00000000 -328.080297247492979
  0.01500000  0.00500000  0.00000000 -328.080262182491992
  0.02000000  0.00000000  0.00000000 -328.080100535867018
UNKNOWNS
  22
FUNCTION
   0    1    0    2    1    0    0    3    2    1    0    1    0    4    3    2
   1    0    2    1    0    0
   0    0    1    0    1    2    0    0    1    2    3    0    1    0    1    2
   3    4    0    1    2    0
   0    0    0    0    0    0    2    0    0    0    0    2    2    0    0    0
   0    0    2    2    2    4
END OF DATA
!FIT
!STATIONARY POINT
!END

