!INPUT
TITLE
 CuCN CcCR
INDEPENDENT VARIABLES
   3
DATA POINTS
 69    -2
(3F12.8,f20.15)
 -0.02000000  0.00000000  0.00000000 -1746.376910802126986
 -0.01500000 -0.00500000  0.00000000 -1746.376777314789933
 -0.01500000  0.00000000  0.00000000 -1746.376973220465061
 -0.01500000  0.00500000  0.00000000 -1746.377065288651011
 -0.01000000 -0.01000000  0.00000000 -1746.376521630877050
 -0.01000000 -0.00500000  0.00000000 -1746.376824378535048
 -0.01000000  0.00000000  0.00000000 -1746.377019815761059
 -0.01000000  0.00000000  0.01000000 -1746.377017955139991
 -0.01000000  0.00000000 -0.01000000 -1746.377017955139991
 -0.01000000  0.00500000  0.00000000 -1746.377111416537900
 -0.01000000  0.01000000  0.00000000 -1746.377102557262106
 -0.00500000 -0.01500000  0.00000000 -1746.376140489438967
 -0.00500000 -0.01000000  0.00000000 -1746.376553666066002
 -0.00500000 -0.00500000  0.00000000 -1746.376855965522964
 -0.00500000 -0.00500000  0.01000000 -1746.376854091726045
 -0.00500000 -0.00500000 -0.01000000 -1746.376854091726045
 -0.00500000  0.00000000  0.00000000 -1746.377050958564041
 -0.00500000  0.00000000  0.01000000 -1746.377049101721013
 -0.00500000  0.00000000 -0.01000000 -1746.377049101721013
 -0.00500000  0.00500000  0.00000000 -1746.377142113082982
 -0.00500000  0.00500000  0.01000000 -1746.377140274021940
 -0.00500000  0.00500000 -0.01000000 -1746.377140274021940
 -0.00500000  0.01000000  0.00000000 -1746.377132806532927
 -0.00500000  0.01500000  0.00000000 -1746.377026326810892
  0.00000000 -0.02000000  0.00000000 -1746.375630526553095
  0.00000000 -0.01500000  0.00000000 -1746.376157817418061
  0.00000000 -0.01000000  0.00000000 -1746.376570566503915
  0.00000000 -0.01000000  0.01000000 -1746.376568679497950
  0.00000000 -0.01000000 -0.01000000 -1746.376568679497950
  0.00000000 -0.00500000  0.00000000 -1746.376872441122032
  0.00000000 -0.00500000  0.01000000 -1746.376870573318001
  0.00000000 -0.00500000 -0.01000000 -1746.376870573318001
  0.00000000  0.00000000  0.00000000 -1746.377067007821097
  0.00000000  0.00000000  0.01000000 -1746.377065156684012
  0.00000000  0.00000000 -0.01000000 -1746.377065156684012
  0.00000000  0.00000000  0.02000000 -1746.377059604981014
  0.00000000  0.00000000 -0.02000000 -1746.377059604981014
  0.00000000  0.00500000  0.00000000 -1746.377157736915933
  0.00000000  0.00500000  0.01000000 -1746.377155904509891
  0.00000000  0.00500000 -0.01000000 -1746.377155904509891
  0.00000000  0.01000000  0.00000000 -1746.377148005560912
  0.00000000  0.01000000  0.01000000 -1746.377146190025996
  0.00000000  0.01000000 -0.01000000 -1746.377146190025996
  0.00000000  0.01500000  0.00000000 -1746.377041100515044
  0.00000000  0.02000000  0.00000000 -1746.376840218988036
  0.00500000 -0.01500000  0.00000000 -1746.376160345497055
  0.00500000 -0.01000000  0.00000000 -1746.376572691167894
  0.00500000 -0.00500000  0.00000000 -1746.376874159599083
  0.00500000 -0.00500000  0.01000000 -1746.376872295827070
  0.00500000 -0.00500000 -0.01000000 -1746.376872295827070
  0.00500000  0.00000000  0.00000000 -1746.377068321774914
  0.00500000  0.00000000  0.01000000 -1746.377066474848107
  0.00500000  0.00000000 -0.01000000 -1746.377066474848107
  0.00500000  0.00500000  0.00000000 -1746.377158644806968
  0.00500000  0.00500000  0.01000000 -1746.377156816284014
  0.00500000  0.00500000 -0.01000000 -1746.377156816284014
  0.00500000  0.01000000  0.00000000 -1746.377148509285007
  0.00500000  0.01500000  0.00000000 -1746.377041198356892
  0.01000000 -0.01000000  0.00000000 -1746.376560384041113
  0.01000000 -0.00500000  0.00000000 -1746.376861468985908
  0.01000000  0.00000000  0.00000000 -1746.377055244824987
  0.01000000  0.00000000  0.01000000 -1746.377053402952015
  0.01000000  0.00000000 -0.01000000 -1746.377053402952015
  0.01000000  0.00500000  0.00000000 -1746.377145182427057
  0.01000000  0.01000000  0.00000000 -1746.377134661152922
  0.01500000 -0.00500000  0.00000000 -1746.376834706795080
  0.01500000  0.00000000  0.00000000 -1746.377028117000009
  0.01500000  0.00500000  0.00000000 -1746.377117689962915
  0.02000000  0.00000000  0.00000000 -1746.376987272343058
UNKNOWNS
  22
FUNCTION
   0    1    0    2    1    0    0    3    2    1    0    1    0    4    3    2
   1    0    2    1    0    0
   0    0    1    0    1    2    0    0    1    2    3    0    1    0    1    2
   3    4    0    1    2    0
   0    0    0    0    0    0    2    0    0    0    0    2    2    0    0    0
   0    0    2    2    2    4
STATIONARY POINT
      0.002752102939      0.006990056423      0.000000000000     -1746.377167921055
END OF DATA
!FIT
!STATIONARY POINT
!END
