!INPUT
TITLE
CuCCH anpass2
INDEPENDENT VARIABLES
7
DATA POINTS
 625   -2
(7F12.8,f20.12)
  0.00000000  0.00000000  0.00000000  0.00000000  0.00000000  0.00000000  0.00000000  -1730.328590585196
 -0.02000000  0.00000000  0.00000000  0.00000000  0.00000000  0.00000000  0.00000000  -1730.328463358208
 -0.01500000 -0.00500000  0.00000000  0.00000000  0.00000000  0.00000000  0.00000000  -1730.328424365518
 -0.01500000  0.00000000 -0.00500000  0.00000000  0.00000000  0.00000000  0.00000000  -1730.328492521637
 -0.01500000  0.00000000  0.00000000  0.00000000  0.00000000  0.00000000  0.00000000  -1730.328520062495
 -0.01500000  0.00000000  0.00500000  0.00000000  0.00000000  0.00000000  0.00000000  -1730.328511263131
 -0.01500000  0.00500000  0.00000000  0.00000000  0.00000000  0.00000000  0.00000000  -1730.328528889386
 -0.01000000 -0.01000000  0.00000000  0.00000000  0.00000000  0.00000000  0.00000000  -1730.328280291962
 -0.01000000 -0.00500000 -0.00500000  0.00000000  0.00000000  0.00000000  0.00000000  -1730.328438056140
 -0.01000000 -0.00500000  0.00000000  0.00000000  0.00000000  0.00000000  0.00000000  -1730.328464830860
 -0.01000000 -0.00500000  0.00500000  0.00000000  0.00000000  0.00000000  0.00000000  -1730.328455270788
 -0.01000000  0.00000000 -0.01000000  0.00000000  0.00000000  0.00000000  0.00000000  -1730.328467466783
 -0.01000000  0.00000000 -0.00500000  0.00000000  0.00000000  0.00000000  0.00000000  -1730.328532377444
 -0.01000000  0.00000000  0.00000000 -0.01000000  0.00000000  0.00000000  0.00000000  -1730.328558073491
 -0.01000000  0.00000000  0.00000000 -0.00500000 -0.00500000  0.00000000  0.00000000  -1730.328559161666
 -0.01000000  0.00000000  0.00000000 -0.00500000  0.00500000  0.00000000  0.00000000  -1730.328558454708
 -0.01000000  0.00000000  0.00000000  0.00000000 -0.01000000  0.00000000  0.00000000  -1730.328557342374
 -0.01000000  0.00000000  0.00000000  0.00000000  0.00000000 -0.01000000  0.00000000  -1730.328558073117
 -0.01000000  0.00000000  0.00000000  0.00000000  0.00000000 -0.00500000 -0.00500000  -1730.328559159669
 -0.01000000  0.00000000  0.00000000  0.00000000  0.00000000 -0.00500000  0.00500000  -1730.328558457274
 -0.01000000  0.00000000  0.00000000  0.00000000  0.00000000  0.00000000 -0.01000000  -1730.328557342775
 -0.01000000  0.00000000  0.00000000  0.00000000  0.00000000  0.00000000  0.00000000  -1730.328559905937
 -0.01000000  0.00000000  0.00000000  0.00000000  0.00000000  0.00000000  0.01000000  -1730.328557342376
 -0.01000000  0.00000000  0.00000000  0.00000000  0.00000000  0.00500000 -0.00500000  -1730.328558454670
 -0.01000000  0.00000000  0.00000000  0.00000000  0.00000000  0.00500000  0.00500000  -1730.328559159477
 -0.01000000  0.00000000  0.00000000  0.00000000  0.00000000  0.01000000  0.00000000  -1730.328558073225
 -0.01000000  0.00000000  0.00000000  0.00000000  0.01000000  0.00000000  0.00000000  -1730.328557344982
 -0.01000000  0.00000000  0.00000000  0.00500000 -0.00500000  0.00000000  0.00000000  -1730.328558454844
 -0.01000000  0.00000000  0.00000000  0.00500000  0.00500000  0.00000000  0.00000000  -1730.328559159163
 -0.01000000  0.00000000  0.00000000  0.01000000  0.00000000  0.00000000  0.00000000  -1730.328558073391
 -0.01000000  0.00000000  0.00500000  0.00000000  0.00000000  0.00000000  0.00000000  -1730.328551097578
 -0.01000000  0.00000000  0.01000000  0.00000000  0.00000000  0.00000000  0.00000000  -1730.328506969681
 -0.01000000  0.00500000 -0.00500000  0.00000000  0.00000000  0.00000000  0.00000000  -1730.328539830903
 -0.01000000  0.00500000  0.00000000  0.00000000  0.00000000  0.00000000  0.00000000  -1730.328568119706
 -0.01000000  0.00500000  0.00500000  0.00000000  0.00000000  0.00000000  0.00000000  -1730.328560063857
 -0.01000000  0.01000000  0.00000000  0.00000000  0.00000000  0.00000000  0.00000000  -1730.328491999802
 -0.00500000 -0.01500000  0.00000000  0.00000000  0.00000000  0.00000000  0.00000000  -1730.328028837577
 -0.00500000 -0.01000000 -0.00500000  0.00000000  0.00000000  0.00000000  0.00000000  -1730.328278870229
 -0.00500000 -0.01000000  0.00000000  0.00000000  0.00000000  0.00000000  0.00000000  -1730.328304879425
 -0.00500000 -0.01000000  0.00500000  0.00000000  0.00000000  0.00000000  0.00000000  -1730.328294567415
 -0.00500000 -0.00500000 -0.01000000  0.00000000  0.00000000  0.00000000  0.00000000  -1730.328397910645
 -0.00500000 -0.00500000 -0.00500000  0.00000000  0.00000000  0.00000000  0.00000000  -1730.328462047644
 -0.00500000 -0.00500000  0.00000000 -0.01000000  0.00000000  0.00000000  0.00000000  -1730.328486958074
 -0.00500000 -0.00500000  0.00000000 -0.00500000 -0.00500000  0.00000000  0.00000000  -1730.328488046069
 -0.00500000 -0.00500000  0.00000000 -0.00500000  0.00500000  0.00000000  0.00000000  -1730.328487347471
 -0.00500000 -0.00500000  0.00000000  0.00000000 -0.01000000  0.00000000  0.00000000  -1730.328486204100
 -0.00500000 -0.00500000  0.00000000  0.00000000  0.00000000 -0.01000000  0.00000000  -1730.328486958023
 -0.00500000 -0.00500000  0.00000000  0.00000000  0.00000000 -0.00500000 -0.00500000  -1730.328488043629
 -0.00500000 -0.00500000  0.00000000  0.00000000  0.00000000 -0.00500000  0.00500000  -1730.328487348046
 -0.00500000 -0.00500000  0.00000000  0.00000000  0.00000000  0.00000000 -0.01000000  -1730.328486204247
 -0.00500000 -0.00500000  0.00000000  0.00000000  0.00000000  0.00000000  0.00000000  -1730.328488810438
 -0.00500000 -0.00500000  0.00000000  0.00000000  0.00000000  0.00000000  0.01000000  -1730.328486204218
 -0.00500000 -0.00500000  0.00000000  0.00000000  0.00000000  0.00500000 -0.00500000  -1730.328487350370
 -0.00500000 -0.00500000  0.00000000  0.00000000  0.00000000  0.00500000  0.00500000  -1730.328488043570
 -0.00500000 -0.00500000  0.00000000  0.00000000  0.00000000  0.01000000  0.00000000  -1730.328486957876
 -0.00500000 -0.00500000  0.00000000  0.00000000  0.01000000  0.00000000  0.00000000  -1730.328486204450
 -0.00500000 -0.00500000  0.00000000  0.00500000 -0.00500000  0.00000000  0.00000000  -1730.328487347766
 -0.00500000 -0.00500000  0.00000000  0.00500000  0.00500000  0.00000000  0.00000000  -1730.328488046266
 -0.00500000 -0.00500000  0.00000000  0.01000000  0.00000000  0.00000000  0.00000000  -1730.328486960270
 -0.00500000 -0.00500000  0.00500000  0.00000000  0.00000000  0.00000000  0.00000000  -1730.328479243811
 -0.00500000 -0.00500000  0.01000000  0.00000000  0.00000000  0.00000000  0.00000000  -1730.328434365863
 -0.00500000  0.00000000 -0.01500000  0.00000000  0.00000000  0.00000000  0.00000000  -1730.328387511929
 -0.00500000  0.00000000 -0.01000000  0.00000000  0.00000000  0.00000000  0.00000000  -1730.328490866384
 -0.00500000  0.00000000 -0.00500000 -0.01000000  0.00000000  0.00000000  0.00000000  -1730.328553937849
 -0.00500000  0.00000000 -0.00500000 -0.00500000 -0.00500000  0.00000000  0.00000000  -1730.328555019310
 -0.00500000  0.00000000 -0.00500000 -0.00500000  0.00500000  0.00000000  0.00000000  -1730.328554314532
 -0.00500000  0.00000000 -0.00500000  0.00000000 -0.01000000  0.00000000  0.00000000  -1730.328553194973
 -0.00500000  0.00000000 -0.00500000  0.00000000  0.00000000 -0.01000000  0.00000000  -1730.328553937911
 -0.00500000  0.00000000 -0.00500000  0.00000000  0.00000000 -0.00500000 -0.00500000  -1730.328555019548
 -0.00500000  0.00000000 -0.00500000  0.00000000  0.00000000 -0.00500000  0.00500000  -1730.328554315068
 -0.00500000  0.00000000 -0.00500000  0.00000000  0.00000000  0.00000000 -0.01000000  -1730.328553194610
 -0.00500000  0.00000000 -0.00500000  0.00000000  0.00000000  0.00000000  0.00000000  -1730.328555767714
 -0.00500000  0.00000000 -0.00500000  0.00000000  0.00000000  0.00000000  0.01000000  -1730.328553194749
 -0.00500000  0.00000000 -0.00500000  0.00000000  0.00000000  0.00500000 -0.00500000  -1730.328554315082
 -0.00500000  0.00000000 -0.00500000  0.00000000  0.00000000  0.00500000  0.00500000  -1730.328555018907
 -0.00500000  0.00000000 -0.00500000  0.00000000  0.00000000  0.01000000  0.00000000  -1730.328553937698
 -0.00500000  0.00000000 -0.00500000  0.00000000  0.01000000  0.00000000  0.00000000  -1730.328553194854
 -0.00500000  0.00000000 -0.00500000  0.00500000 -0.00500000  0.00000000  0.00000000  -1730.328554316967
 -0.00500000  0.00000000 -0.00500000  0.00500000  0.00500000  0.00000000  0.00000000  -1730.328555019204
 -0.00500000  0.00000000 -0.00500000  0.01000000  0.00000000  0.00000000  0.00000000  -1730.328553937636
 -0.00500000  0.00000000  0.00000000 -0.01000000  0.00000000  0.00000000  0.00000000  -1730.328581459003
 -0.00500000  0.00000000  0.00000000 -0.00500000 -0.00500000  0.00000000  0.00000000  -1730.328582541474
 -0.00500000  0.00000000  0.00000000 -0.00500000  0.00500000  0.00000000  0.00000000  -1730.328581836278
 -0.00500000  0.00000000  0.00000000  0.00000000 -0.01000000  0.00000000  0.00000000  -1730.328580723627
 -0.00500000  0.00000000  0.00000000  0.00000000  0.00000000 -0.01000000  0.00000000  -1730.328581458688
 -0.00500000  0.00000000  0.00000000  0.00000000  0.00000000 -0.00500000 -0.00500000  -1730.328582541615
 -0.00500000  0.00000000  0.00000000  0.00000000  0.00000000 -0.00500000  0.00500000  -1730.328581839155
 -0.00500000  0.00000000  0.00000000  0.00000000  0.00000000  0.00000000 -0.01000000  -1730.328580723841
 -0.00500000  0.00000000  0.00000000  0.00000000  0.00000000  0.00000000  0.00000000  -1730.328583286911
 -0.00500000  0.00000000  0.00000000  0.00000000  0.00000000  0.00000000  0.01000000  -1730.328580723563
 -0.00500000  0.00000000  0.00000000  0.00000000  0.00000000  0.00500000 -0.00500000  -1730.328581836477
 -0.00500000  0.00000000  0.00000000  0.00000000  0.00000000  0.00500000  0.00500000  -1730.328582541245
 -0.00500000  0.00000000  0.00000000  0.00000000  0.00000000  0.01000000  0.00000000  -1730.328581458991
 -0.00500000  0.00000000  0.00000000  0.00000000  0.01000000  0.00000000  0.00000000  -1730.328580723562
 -0.00500000  0.00000000  0.00000000  0.00500000 -0.00500000  0.00000000  0.00000000  -1730.328581836823
 -0.00500000  0.00000000  0.00000000  0.00500000  0.00500000  0.00000000  0.00000000  -1730.328582544323
 -0.00500000  0.00000000  0.00000000  0.01000000  0.00000000  0.00000000  0.00000000  -1730.328581458721
 -0.00500000  0.00000000  0.00500000 -0.01000000  0.00000000  0.00000000  0.00000000  -1730.328572643119
 -0.00500000  0.00000000  0.00500000 -0.00500000 -0.00500000  0.00000000  0.00000000  -1730.328573727004
 -0.00500000  0.00000000  0.00500000 -0.00500000  0.00500000  0.00000000  0.00000000  -1730.328573021276
 -0.00500000  0.00000000  0.00500000  0.00000000 -0.01000000  0.00000000  0.00000000  -1730.328571915237
 -0.00500000  0.00000000  0.00500000  0.00000000  0.00000000 -0.01000000  0.00000000  -1730.328572642539
 -0.00500000  0.00000000  0.00500000  0.00000000  0.00000000 -0.00500000 -0.00500000  -1730.328573726865
 -0.00500000  0.00000000  0.00500000  0.00000000  0.00000000 -0.00500000  0.00500000  -1730.328573021693
 -0.00500000  0.00000000  0.00500000  0.00000000  0.00000000  0.00000000 -0.01000000  -1730.328571918353
 -0.00500000  0.00000000  0.00500000  0.00000000  0.00000000  0.00000000  0.00000000  -1730.328574469957
 -0.00500000  0.00000000  0.00500000  0.00000000  0.00000000  0.00000000  0.01000000  -1730.328571915942
 -0.00500000  0.00000000  0.00500000  0.00000000  0.00000000  0.00500000 -0.00500000  -1730.328573024430
 -0.00500000  0.00000000  0.00500000  0.00000000  0.00000000  0.00500000  0.00500000  -1730.328573727275
 -0.00500000  0.00000000  0.00500000  0.00000000  0.00000000  0.01000000  0.00000000  -1730.328572642995
 -0.00500000  0.00000000  0.00500000  0.00000000  0.01000000  0.00000000  0.00000000  -1730.328571915414
 -0.00500000  0.00000000  0.00500000  0.00500000 -0.00500000  0.00000000  0.00000000  -1730.328573021073
 -0.00500000  0.00000000  0.00500000  0.00500000  0.00500000  0.00000000  0.00000000  -1730.328573727552
 -0.00500000  0.00000000  0.00500000  0.01000000  0.00000000  0.00000000  0.00000000  -1730.328572643072
 -0.00500000  0.00000000  0.01000000  0.00000000  0.00000000  0.00000000  0.00000000  -1730.328530333467
 -0.00500000  0.00000000  0.01500000  0.00000000  0.00000000  0.00000000  0.00000000  -1730.328451871137
 -0.00500000  0.00500000 -0.01000000  0.00000000  0.00000000  0.00000000  0.00000000  -1730.328496954121
 -0.00500000  0.00500000 -0.00500000  0.00000000  0.00000000  0.00000000  0.00000000  -1730.328562625890
 -0.00500000  0.00500000  0.00000000 -0.01000000  0.00000000  0.00000000  0.00000000  -1730.328589099147
 -0.00500000  0.00500000  0.00000000 -0.00500000 -0.00500000  0.00000000  0.00000000  -1730.328590178756
 -0.00500000  0.00500000  0.00000000 -0.00500000  0.00500000  0.00000000  0.00000000  -1730.328589464973
 -0.00500000  0.00500000  0.00000000  0.00000000 -0.01000000  0.00000000  0.00000000  -1730.328588382867
 -0.00500000  0.00500000  0.00000000  0.00000000  0.00000000 -0.01000000  0.00000000  -1730.328589099163
 -0.00500000  0.00500000  0.00000000  0.00000000  0.00000000 -0.00500000 -0.00500000  -1730.328590178943
 -0.00500000  0.00500000  0.00000000  0.00000000  0.00000000 -0.00500000  0.00500000  -1730.328589464577
 -0.00500000  0.00500000  0.00000000  0.00000000  0.00000000  0.00000000 -0.01000000  -1730.328588382168
 -0.00500000  0.00500000  0.00000000  0.00000000  0.00000000  0.00000000  0.00000000  -1730.328590903604
 -0.00500000  0.00500000  0.00000000  0.00000000  0.00000000  0.00000000  0.01000000  -1730.328588382355
 -0.00500000  0.00500000  0.00000000  0.00000000  0.00000000  0.00500000 -0.00500000  -1730.328589465188
 -0.00500000  0.00500000  0.00000000  0.00000000  0.00000000  0.00500000  0.00500000  -1730.328590179280
 -0.00500000  0.00500000  0.00000000  0.00000000  0.00000000  0.01000000  0.00000000  -1730.328589099598
 -0.00500000  0.00500000  0.00000000  0.00000000  0.01000000  0.00000000  0.00000000  -1730.328588382429
 -0.00500000  0.00500000  0.00000000  0.00500000 -0.00500000  0.00000000  0.00000000  -1730.328589465042
 -0.00500000  0.00500000  0.00000000  0.00500000  0.00500000  0.00000000  0.00000000  -1730.328590178984
 -0.00500000  0.00500000  0.00000000  0.01000000  0.00000000  0.00000000  0.00000000  -1730.328589099195
 -0.00500000  0.00500000  0.00500000  0.00000000  0.00000000  0.00000000  0.00000000  -1730.328582838436
 -0.00500000  0.00500000  0.01000000  0.00000000  0.00000000  0.00000000  0.00000000  -1730.328539448467
 -0.00500000  0.01000000 -0.00500000  0.00000000  0.00000000  0.00000000  0.00000000  -1730.328485146398
 -0.00500000  0.01000000  0.00000000  0.00000000  0.00000000  0.00000000  0.00000000  -1730.328514188986
 -0.00500000  0.01000000  0.00500000  0.00000000  0.00000000  0.00000000  0.00000000  -1730.328506881241
 -0.00500000  0.01500000  0.00000000  0.00000000  0.00000000  0.00000000  0.00000000  -1730.328355617613
  0.00000000 -0.02000000  0.00000000  0.00000000  0.00000000  0.00000000  0.00000000  -1730.327667607424
  0.00000000 -0.01500000 -0.00500000  0.00000000  0.00000000  0.00000000  0.00000000  -1730.328012644658
  0.00000000 -0.01500000  0.00000000  0.00000000  0.00000000  0.00000000  0.00000000  -1730.328037897965
  0.00000000 -0.01500000  0.00500000  0.00000000  0.00000000  0.00000000  0.00000000  -1730.328026832537
  0.00000000 -0.01000000 -0.01000000  0.00000000  0.00000000  0.00000000  0.00000000  -1730.328223981757
  0.00000000 -0.01000000 -0.00500000  0.00000000  0.00000000  0.00000000  0.00000000  -1730.328287348206
  0.00000000 -0.01000000  0.00000000 -0.01000000  0.00000000  0.00000000  0.00000000  -1730.328311476594
  0.00000000 -0.01000000  0.00000000 -0.00500000 -0.00500000  0.00000000  0.00000000  -1730.328312562260
  0.00000000 -0.01000000  0.00000000 -0.00500000  0.00500000  0.00000000  0.00000000  -1730.328311877273
  0.00000000 -0.01000000  0.00000000  0.00000000 -0.01000000  0.00000000  0.00000000  -1730.328310699522
  0.00000000 -0.01000000  0.00000000  0.00000000  0.00000000 -0.01000000  0.00000000  -1730.328311476703
  0.00000000 -0.01000000  0.00000000  0.00000000  0.00000000 -0.00500000 -0.00500000  -1730.328312562020
  0.00000000 -0.01000000  0.00000000  0.00000000  0.00000000 -0.00500000  0.00500000  -1730.328311874936
  0.00000000 -0.01000000  0.00000000  0.00000000  0.00000000  0.00000000 -0.01000000  -1730.328310699656
  0.00000000 -0.01000000  0.00000000  0.00000000  0.00000000  0.00000000  0.00000000  -1730.328313351171
  0.00000000 -0.01000000  0.00000000  0.00000000  0.00000000  0.00000000  0.01000000  -1730.328310699716
  0.00000000 -0.01000000  0.00000000  0.00000000  0.00000000  0.00500000 -0.00500000  -1730.328311874951
  0.00000000 -0.01000000  0.00000000  0.00000000  0.00000000  0.00500000  0.00500000  -1730.328312562272
  0.00000000 -0.01000000  0.00000000  0.00000000  0.00000000  0.01000000  0.00000000  -1730.328311476567
  0.00000000 -0.01000000  0.00000000  0.00000000  0.01000000  0.00000000  0.00000000  -1730.328310700016
  0.00000000 -0.01000000  0.00000000  0.00500000 -0.00500000  0.00000000  0.00000000  -1730.328311875024
  0.00000000 -0.01000000  0.00000000  0.00500000  0.00500000  0.00000000  0.00000000  -1730.328312564742
  0.00000000 -0.01000000  0.00000000  0.01000000  0.00000000  0.00000000  0.00000000  -1730.328311476583
  0.00000000 -0.01000000  0.00500000  0.00000000  0.00000000  0.00000000  0.00000000  -1730.328303027735
  0.00000000 -0.01000000  0.01000000  0.00000000  0.00000000  0.00000000  0.00000000  -1730.328257405885
  0.00000000 -0.00500000 -0.01500000  0.00000000  0.00000000  0.00000000  0.00000000  -1730.328303237857
  0.00000000 -0.00500000 -0.01000000  0.00000000  0.00000000  0.00000000  0.00000000  -1730.328405811092
  0.00000000 -0.00500000 -0.00500000 -0.01000000  0.00000000  0.00000000  0.00000000  -1730.328468089216
  0.00000000 -0.00500000 -0.00500000 -0.00500000 -0.00500000  0.00000000  0.00000000  -1730.328469170181
  0.00000000 -0.00500000 -0.00500000 -0.00500000  0.00500000  0.00000000  0.00000000  -1730.328468474632
  0.00000000 -0.00500000 -0.00500000  0.00000000 -0.01000000  0.00000000  0.00000000  -1730.328467323411
  0.00000000 -0.00500000 -0.00500000  0.00000000  0.00000000 -0.01000000  0.00000000  -1730.328468089297
  0.00000000 -0.00500000 -0.00500000  0.00000000  0.00000000 -0.00500000 -0.00500000  -1730.328469170284
  0.00000000 -0.00500000 -0.00500000  0.00000000  0.00000000 -0.00500000  0.00500000  -1730.328468474450
  0.00000000 -0.00500000 -0.00500000  0.00000000  0.00000000  0.00000000 -0.01000000  -1730.328467323128
  0.00000000 -0.00500000 -0.00500000  0.00000000  0.00000000  0.00000000  0.00000000  -1730.328469938326
  0.00000000 -0.00500000 -0.00500000  0.00000000  0.00000000  0.00000000  0.01000000  -1730.328467323004
  0.00000000 -0.00500000 -0.00500000  0.00000000  0.00000000  0.00500000 -0.00500000  -1730.328468474399
  0.00000000 -0.00500000 -0.00500000  0.00000000  0.00000000  0.00500000  0.00500000  -1730.328469170358
  0.00000000 -0.00500000 -0.00500000  0.00000000  0.00000000  0.01000000  0.00000000  -1730.328468089332
  0.00000000 -0.00500000 -0.00500000  0.00000000  0.01000000  0.00000000  0.00000000  -1730.328467322904
  0.00000000 -0.00500000 -0.00500000  0.00500000 -0.00500000  0.00000000  0.00000000  -1730.328468474875
  0.00000000 -0.00500000 -0.00500000  0.00500000  0.00500000  0.00000000  0.00000000  -1730.328469170054
  0.00000000 -0.00500000 -0.00500000  0.01000000  0.00000000  0.00000000  0.00000000  -1730.328468088960
  0.00000000 -0.00500000  0.00000000 -0.01000000  0.00000000  0.00000000  0.00000000  -1730.328494847100
  0.00000000 -0.00500000  0.00000000 -0.00500000 -0.00500000  0.00000000  0.00000000  -1730.328495927199
  0.00000000 -0.00500000  0.00000000 -0.00500000  0.00500000  0.00000000  0.00000000  -1730.328495231333
  0.00000000 -0.00500000  0.00000000  0.00000000 -0.01000000  0.00000000  0.00000000  -1730.328494086252
  0.00000000 -0.00500000  0.00000000  0.00000000  0.00000000 -0.01000000  0.00000000  -1730.328494844614
  0.00000000 -0.00500000  0.00000000  0.00000000  0.00000000 -0.00500000 -0.00500000  -1730.328495927130
  0.00000000 -0.00500000  0.00000000  0.00000000  0.00000000 -0.00500000  0.00500000  -1730.328495230746
  0.00000000 -0.00500000  0.00000000  0.00000000  0.00000000  0.00000000 -0.01000000  -1730.328494086071
  0.00000000 -0.00500000  0.00000000  0.00000000  0.00000000  0.00000000  0.00000000  -1730.328496692733
  0.00000000 -0.00500000  0.00000000  0.00000000  0.00000000  0.00000000  0.01000000  -1730.328494086209
  0.00000000 -0.00500000  0.00000000  0.00000000  0.00000000  0.00500000 -0.00500000  -1730.328495230629
  0.00000000 -0.00500000  0.00000000  0.00000000  0.00000000  0.00500000  0.00500000  -1730.328495927653
  0.00000000 -0.00500000  0.00000000  0.00000000  0.00000000  0.01000000  0.00000000  -1730.328494844528
  0.00000000 -0.00500000  0.00000000  0.00000000  0.01000000  0.00000000  0.00000000  -1730.328494086784
  0.00000000 -0.00500000  0.00000000  0.00500000 -0.00500000  0.00000000  0.00000000  -1730.328495230819
  0.00000000 -0.00500000  0.00000000  0.00500000  0.00500000  0.00000000  0.00000000  -1730.328495927231
  0.00000000 -0.00500000  0.00000000  0.01000000  0.00000000  0.00000000  0.00000000  -1730.328494844295
  0.00000000 -0.00500000  0.00500000 -0.01000000  0.00000000  0.00000000  0.00000000  -1730.328485270668
  0.00000000 -0.00500000  0.00500000 -0.00500000 -0.00500000  0.00000000  0.00000000  -1730.328486354889
  0.00000000 -0.00500000  0.00500000 -0.00500000  0.00500000  0.00000000  0.00000000  -1730.328485657748
  0.00000000 -0.00500000  0.00500000  0.00000000 -0.01000000  0.00000000  0.00000000  -1730.328484520676
  0.00000000 -0.00500000  0.00500000  0.00000000  0.00000000 -0.01000000  0.00000000  -1730.328485271305
  0.00000000 -0.00500000  0.00500000  0.00000000  0.00000000 -0.00500000 -0.00500000  -1730.328486354954
  0.00000000 -0.00500000  0.00500000  0.00000000  0.00000000 -0.00500000  0.00500000  -1730.328485658006
  0.00000000 -0.00500000  0.00500000  0.00000000  0.00000000  0.00000000 -0.01000000  -1730.328484520491
  0.00000000 -0.00500000  0.00500000  0.00000000  0.00000000  0.00000000  0.00000000  -1730.328487117134
  0.00000000 -0.00500000  0.00500000  0.00000000  0.00000000  0.00000000  0.01000000  -1730.328484522912
  0.00000000 -0.00500000  0.00500000  0.00000000  0.00000000  0.00500000 -0.00500000  -1730.328485658203
  0.00000000 -0.00500000  0.00500000  0.00000000  0.00000000  0.00500000  0.00500000  -1730.328486357424
  0.00000000 -0.00500000  0.00500000  0.00000000  0.00000000  0.01000000  0.00000000  -1730.328485271116
  0.00000000 -0.00500000  0.00500000  0.00000000  0.01000000  0.00000000  0.00000000  -1730.328484520514
  0.00000000 -0.00500000  0.00500000  0.00500000 -0.00500000  0.00000000  0.00000000  -1730.328485658001
  0.00000000 -0.00500000  0.00500000  0.00500000  0.00500000  0.00000000  0.00000000  -1730.328486355484
  0.00000000 -0.00500000  0.00500000  0.01000000  0.00000000  0.00000000  0.00000000  -1730.328485271240
  0.00000000 -0.00500000  0.01000000  0.00000000  0.00000000  0.00000000  0.00000000  -1730.328442230531
  0.00000000 -0.00500000  0.01500000  0.00000000  0.00000000  0.00000000  0.00000000  -1730.328363025956
  0.00000000  0.00000000 -0.02000000  0.00000000  0.00000000  0.00000000  0.00000000  -1730.328251938127
  0.00000000  0.00000000 -0.01500000  0.00000000  0.00000000  0.00000000  0.00000000  -1730.328394836709
  0.00000000  0.00000000 -0.01000000 -0.01000000  0.00000000  0.00000000  0.00000000  -1730.328496355412
  0.00000000  0.00000000 -0.01000000 -0.00500000 -0.00500000  0.00000000  0.00000000  -1730.328497432357
  0.00000000  0.00000000 -0.01000000 -0.00500000  0.00500000  0.00000000  0.00000000  -1730.328496728253
  0.00000000  0.00000000 -0.01000000  0.00000000 -0.01000000  0.00000000  0.00000000  -1730.328495600748
  0.00000000  0.00000000 -0.01000000  0.00000000  0.00000000 -0.01000000  0.00000000  -1730.328496355879
  0.00000000  0.00000000 -0.01000000  0.00000000  0.00000000 -0.00500000 -0.00500000  -1730.328497432732
  0.00000000  0.00000000 -0.01000000  0.00000000  0.00000000 -0.00500000  0.00500000  -1730.328496727883
  0.00000000  0.00000000 -0.01000000  0.00000000  0.00000000  0.00000000 -0.01000000  -1730.328495600394
  0.00000000  0.00000000 -0.01000000  0.00000000  0.00000000  0.00000000  0.00000000  -1730.328498182484
  0.00000000  0.00000000 -0.01000000  0.00000000  0.00000000  0.00000000  0.01000000  -1730.328495600245
  0.00000000  0.00000000 -0.01000000  0.00000000  0.00000000  0.00500000 -0.00500000  -1730.328496728249
  0.00000000  0.00000000 -0.01000000  0.00000000  0.00000000  0.00500000  0.00500000  -1730.328497432717
  0.00000000  0.00000000 -0.01000000  0.00000000  0.00000000  0.01000000  0.00000000  -1730.328496355854
  0.00000000  0.00000000 -0.01000000  0.00000000  0.01000000  0.00000000  0.00000000  -1730.328495600466
  0.00000000  0.00000000 -0.01000000  0.00500000 -0.00500000  0.00000000  0.00000000  -1730.328496730407
  0.00000000  0.00000000 -0.01000000  0.00500000  0.00500000  0.00000000  0.00000000  -1730.328497432394
  0.00000000  0.00000000 -0.01000000  0.01000000  0.00000000  0.00000000  0.00000000  -1730.328496356040
  0.00000000  0.00000000 -0.00500000 -0.01000000  0.00000000  0.00000000  0.00000000  -1730.328561249177
  0.00000000  0.00000000 -0.00500000 -0.00500000 -0.00500000  0.00000000  0.00000000  -1730.328562327439
  0.00000000  0.00000000 -0.00500000 -0.00500000  0.00500000  0.00000000  0.00000000  -1730.328561622763
  0.00000000  0.00000000 -0.00500000  0.00000000 -0.01000000  0.00000000  0.00000000  -1730.328560501984
  0.00000000  0.00000000 -0.00500000  0.00000000  0.00000000 -0.01000000  0.00000000  -1730.328561249829
  0.00000000  0.00000000 -0.00500000  0.00000000  0.00000000 -0.00500000 -0.00500000  -1730.328562327486
  0.00000000  0.00000000 -0.00500000  0.00000000  0.00000000 -0.00500000  0.00500000  -1730.328561622985
  0.00000000  0.00000000 -0.00500000  0.00000000  0.00000000  0.00000000 -0.01000000  -1730.328560501991
  0.00000000  0.00000000 -0.00500000  0.00000000  0.00000000  0.00000000  0.00000000  -1730.328563074652
  0.00000000  0.00000000 -0.00500000  0.00000000  0.00000000  0.00000000  0.01000000  -1730.328560502028
  0.00000000  0.00000000 -0.00500000  0.00000000  0.00000000  0.00500000 -0.00500000  -1730.328561622649
  0.00000000  0.00000000 -0.00500000  0.00000000  0.00000000  0.00500000  0.00500000  -1730.328562327578
  0.00000000  0.00000000 -0.00500000  0.00000000  0.00000000  0.01000000  0.00000000  -1730.328561249406
  0.00000000  0.00000000 -0.00500000  0.00000000  0.01000000  0.00000000  0.00000000  -1730.328560502137
  0.00000000  0.00000000 -0.00500000  0.00500000 -0.00500000  0.00000000  0.00000000  -1730.328561622564
  0.00000000  0.00000000 -0.00500000  0.00500000  0.00500000  0.00000000  0.00000000  -1730.328562327574
  0.00000000  0.00000000 -0.00500000  0.01000000  0.00000000  0.00000000  0.00000000  -1730.328561249579
  0.00000000  0.00000000  0.00000000 -0.02000000  0.00000000  0.00000000  0.00000000  -1730.328583294743
  0.00000000  0.00000000  0.00000000 -0.01500000 -0.00500000  0.00000000  0.00000000  -1730.328586900487
  0.00000000  0.00000000  0.00000000 -0.01500000  0.00500000  0.00000000  0.00000000  -1730.328584783801
  0.00000000  0.00000000  0.00000000 -0.01000000 -0.01000000  0.00000000  0.00000000  -1730.328587609438
  0.00000000  0.00000000  0.00000000 -0.01000000  0.00000000 -0.01000000  0.00000000  -1730.328586938757
  0.00000000  0.00000000  0.00000000 -0.01000000  0.00000000 -0.00500000 -0.00500000  -1730.328588017761
  0.00000000  0.00000000  0.00000000 -0.01000000  0.00000000 -0.00500000  0.00500000  -1730.328587312487
  0.00000000  0.00000000  0.00000000 -0.01000000  0.00000000  0.00000000 -0.01000000  -1730.328586198951
  0.00000000  0.00000000  0.00000000 -0.01000000  0.00000000  0.00000000  0.00000000  -1730.328588762092
  0.00000000  0.00000000  0.00000000 -0.01000000  0.00000000  0.00000000  0.01000000  -1730.328586198813
  0.00000000  0.00000000  0.00000000 -0.01000000  0.00000000  0.00500000 -0.00500000  -1730.328587312276
  0.00000000  0.00000000  0.00000000 -0.01000000  0.00000000  0.00500000  0.00500000  -1730.328588018534
  0.00000000  0.00000000  0.00000000 -0.01000000  0.00000000  0.01000000  0.00000000  -1730.328586940704
  0.00000000  0.00000000  0.00000000 -0.01000000  0.01000000  0.00000000  0.00000000  -1730.328584787558
  0.00000000  0.00000000  0.00000000 -0.00500000 -0.01500000  0.00000000  0.00000000  -1730.328585420910
  0.00000000  0.00000000  0.00000000 -0.00500000 -0.00500000 -0.01000000  0.00000000  -1730.328588018451
  0.00000000  0.00000000  0.00000000 -0.00500000 -0.00500000 -0.00500000 -0.00500000  -1730.328589100060
  0.00000000  0.00000000  0.00000000 -0.00500000 -0.00500000 -0.00500000  0.00500000  -1730.328588392019
  0.00000000  0.00000000  0.00000000 -0.00500000 -0.00500000  0.00000000 -0.01000000  -1730.328587278366
  0.00000000  0.00000000  0.00000000 -0.00500000 -0.00500000  0.00000000  0.00000000  -1730.328589841311
  0.00000000  0.00000000  0.00000000 -0.00500000 -0.00500000  0.00000000  0.01000000  -1730.328587278440
  0.00000000  0.00000000  0.00000000 -0.00500000 -0.00500000  0.00500000 -0.00500000  -1730.328588392003
  0.00000000  0.00000000  0.00000000 -0.00500000 -0.00500000  0.00500000  0.00500000  -1730.328589100178
  0.00000000  0.00000000  0.00000000 -0.00500000 -0.00500000  0.01000000  0.00000000  -1730.328588018024
  0.00000000  0.00000000  0.00000000 -0.00500000  0.00500000 -0.01000000  0.00000000  -1730.328587312399
  0.00000000  0.00000000  0.00000000 -0.00500000  0.00500000 -0.00500000 -0.00500000  -1730.328588391523
  0.00000000  0.00000000  0.00000000 -0.00500000  0.00500000 -0.00500000  0.00500000  -1730.328587686563
  0.00000000  0.00000000  0.00000000 -0.00500000  0.00500000  0.00000000 -0.01000000  -1730.328586575664
  0.00000000  0.00000000  0.00000000 -0.00500000  0.00500000  0.00000000  0.00000000  -1730.328589136078
  0.00000000  0.00000000  0.00000000 -0.00500000  0.00500000  0.00000000  0.01000000  -1730.328586572625
  0.00000000  0.00000000  0.00000000 -0.00500000  0.00500000  0.00500000 -0.00500000  -1730.328587686481
  0.00000000  0.00000000  0.00000000 -0.00500000  0.00500000  0.00500000  0.00500000  -1730.328588391934
  0.00000000  0.00000000  0.00000000 -0.00500000  0.00500000  0.01000000  0.00000000  -1730.328587312099
  0.00000000  0.00000000  0.00000000 -0.00500000  0.01500000  0.00000000  0.00000000  -1730.328583306803
  0.00000000  0.00000000  0.00000000  0.00000000 -0.02000000  0.00000000  0.00000000  -1730.328580332934
  0.00000000  0.00000000  0.00000000  0.00000000 -0.01000000 -0.01000000  0.00000000  -1730.328586198435
  0.00000000  0.00000000  0.00000000  0.00000000 -0.01000000 -0.00500000 -0.00500000  -1730.328587278450
  0.00000000  0.00000000  0.00000000  0.00000000 -0.01000000 -0.00500000  0.00500000  -1730.328586572982
  0.00000000  0.00000000  0.00000000  0.00000000 -0.01000000  0.00000000 -0.01000000  -1730.328585458773
  0.00000000  0.00000000  0.00000000  0.00000000 -0.01000000  0.00000000  0.00000000  -1730.328588024890
  0.00000000  0.00000000  0.00000000  0.00000000 -0.01000000  0.00000000  0.01000000  -1730.328585458992
  0.00000000  0.00000000  0.00000000  0.00000000 -0.01000000  0.00500000 -0.00500000  -1730.328586573198
  0.00000000  0.00000000  0.00000000  0.00000000 -0.01000000  0.00500000  0.00500000  -1730.328587277897
  0.00000000  0.00000000  0.00000000  0.00000000 -0.01000000  0.01000000  0.00000000  -1730.328586198726
  0.00000000  0.00000000  0.00000000  0.00000000  0.00000000 -0.02000000  0.00000000  -1730.328583291886
  0.00000000  0.00000000  0.00000000  0.00000000  0.00000000 -0.01500000 -0.00500000  -1730.328586900265
  0.00000000  0.00000000  0.00000000  0.00000000  0.00000000 -0.01500000  0.00500000  -1730.328584783674
  0.00000000  0.00000000  0.00000000  0.00000000  0.00000000 -0.01000000 -0.01000000  -1730.328587609724
  0.00000000  0.00000000  0.00000000  0.00000000  0.00000000 -0.01000000  0.00000000  -1730.328588762098
  0.00000000  0.00000000  0.00000000  0.00000000  0.00000000 -0.01000000  0.01000000  -1730.328584787828
  0.00000000  0.00000000  0.00000000  0.00000000  0.00000000 -0.00500000 -0.01500000  -1730.328585421036
  0.00000000  0.00000000  0.00000000  0.00000000  0.00000000 -0.00500000 -0.00500000  -1730.328589841542
  0.00000000  0.00000000  0.00000000  0.00000000  0.00000000 -0.00500000  0.00500000  -1730.328589135724
  0.00000000  0.00000000  0.00000000  0.00000000  0.00000000 -0.00500000  0.01500000  -1730.328583304006
  0.00000000  0.00000000  0.00000000  0.00000000  0.00000000  0.00000000 -0.02000000  -1730.328580332719
  0.00000000  0.00000000  0.00000000  0.00000000  0.00000000  0.00000000 -0.01000000  -1730.328588022401
  0.00000000  0.00000000  0.00000000  0.00000000  0.00000000  0.00000000  0.01000000  -1730.328588022187
  0.00000000  0.00000000  0.00000000  0.00000000  0.00000000  0.00000000  0.02000000  -1730.328580332926
  0.00000000  0.00000000  0.00000000  0.00000000  0.00000000  0.00500000 -0.01500000  -1730.328583304002
  0.00000000  0.00000000  0.00000000  0.00000000  0.00000000  0.00500000 -0.00500000  -1730.328589138346
  0.00000000  0.00000000  0.00000000  0.00000000  0.00000000  0.00500000  0.00500000  -1730.328589841587
  0.00000000  0.00000000  0.00000000  0.00000000  0.00000000  0.00500000  0.01500000  -1730.328585420932
  0.00000000  0.00000000  0.00000000  0.00000000  0.00000000  0.01000000 -0.01000000  -1730.328584787610
  0.00000000  0.00000000  0.00000000  0.00000000  0.00000000  0.01000000  0.00000000  -1730.328588762327
  0.00000000  0.00000000  0.00000000  0.00000000  0.00000000  0.01000000  0.01000000  -1730.328587612641
  0.00000000  0.00000000  0.00000000  0.00000000  0.00000000  0.01500000 -0.00500000  -1730.328584783358
  0.00000000  0.00000000  0.00000000  0.00000000  0.00000000  0.01500000  0.00500000  -1730.328586900531
  0.00000000  0.00000000  0.00000000  0.00000000  0.00000000  0.02000000  0.00000000  -1730.328583292135
  0.00000000  0.00000000  0.00000000  0.00000000  0.01000000 -0.01000000  0.00000000  -1730.328586198587
  0.00000000  0.00000000  0.00000000  0.00000000  0.01000000 -0.00500000 -0.00500000  -1730.328587278442
  0.00000000  0.00000000  0.00000000  0.00000000  0.01000000 -0.00500000  0.00500000  -1730.328586572978
  0.00000000  0.00000000  0.00000000  0.00000000  0.01000000  0.00000000 -0.01000000  -1730.328585458951
  0.00000000  0.00000000  0.00000000  0.00000000  0.01000000  0.00000000  0.00000000  -1730.328588022390
  0.00000000  0.00000000  0.00000000  0.00000000  0.01000000  0.00000000  0.01000000  -1730.328585459556
  0.00000000  0.00000000  0.00000000  0.00000000  0.01000000  0.00500000 -0.00500000  -1730.328586572938
  0.00000000  0.00000000  0.00000000  0.00000000  0.01000000  0.00500000  0.00500000  -1730.328587278174
  0.00000000  0.00000000  0.00000000  0.00000000  0.01000000  0.01000000  0.00000000  -1730.328586198732
  0.00000000  0.00000000  0.00000000  0.00000000  0.02000000  0.00000000  0.00000000  -1730.328580333049
  0.00000000  0.00000000  0.00000000  0.00500000 -0.01500000  0.00000000  0.00000000  -1730.328583304014
  0.00000000  0.00000000  0.00000000  0.00500000 -0.00500000 -0.01000000  0.00000000  -1730.328587312571
  0.00000000  0.00000000  0.00000000  0.00500000 -0.00500000 -0.00500000 -0.00500000  -1730.328588391933
  0.00000000  0.00000000  0.00000000  0.00500000 -0.00500000 -0.00500000  0.00500000  -1730.328587689037
  0.00000000  0.00000000  0.00000000  0.00500000 -0.00500000  0.00000000 -0.01000000  -1730.328586572692
  0.00000000  0.00000000  0.00000000  0.00500000 -0.00500000  0.00000000  0.00000000  -1730.328589138143
  0.00000000  0.00000000  0.00000000  0.00500000 -0.00500000  0.00000000  0.01000000  -1730.328586572717
  0.00000000  0.00000000  0.00000000  0.00500000 -0.00500000  0.00500000 -0.00500000  -1730.328587686552
  0.00000000  0.00000000  0.00000000  0.00500000 -0.00500000  0.00500000  0.00500000  -1730.328588392314
  0.00000000  0.00000000  0.00000000  0.00500000 -0.00500000  0.01000000  0.00000000  -1730.328587312631
  0.00000000  0.00000000  0.00000000  0.00500000  0.00500000 -0.01000000  0.00000000  -1730.328588020362
  0.00000000  0.00000000  0.00000000  0.00500000  0.00500000 -0.00500000 -0.00500000  -1730.328589097882
  0.00000000  0.00000000  0.00000000  0.00500000  0.00500000 -0.00500000  0.00500000  -1730.328588391882
  0.00000000  0.00000000  0.00000000  0.00500000  0.00500000  0.00000000 -0.01000000  -1730.328587277995
  0.00000000  0.00000000  0.00000000  0.00500000  0.00500000  0.00000000  0.00000000  -1730.328589842007
  0.00000000  0.00000000  0.00000000  0.00500000  0.00500000  0.00000000  0.01000000  -1730.328587277951
  0.00000000  0.00000000  0.00000000  0.00500000  0.00500000  0.00500000 -0.00500000  -1730.328588392030
  0.00000000  0.00000000  0.00000000  0.00500000  0.00500000  0.00500000  0.00500000  -1730.328589100014
  0.00000000  0.00000000  0.00000000  0.00500000  0.00500000  0.01000000  0.00000000  -1730.328588018284
  0.00000000  0.00000000  0.00000000  0.00500000  0.01500000  0.00000000  0.00000000  -1730.328585420451
  0.00000000  0.00000000  0.00000000  0.01000000 -0.01000000  0.00000000  0.00000000  -1730.328584787417
  0.00000000  0.00000000  0.00000000  0.01000000  0.00000000 -0.01000000  0.00000000  -1730.328586941208
  0.00000000  0.00000000  0.00000000  0.01000000  0.00000000 -0.00500000 -0.00500000  -1730.328588018420
  0.00000000  0.00000000  0.00000000  0.01000000  0.00000000 -0.00500000  0.00500000  -1730.328587312402
  0.00000000  0.00000000  0.00000000  0.01000000  0.00000000  0.00000000 -0.01000000  -1730.328586198782
  0.00000000  0.00000000  0.00000000  0.01000000  0.00000000  0.00000000  0.00000000  -1730.328588761757
  0.00000000  0.00000000  0.00000000  0.01000000  0.00000000  0.00000000  0.01000000  -1730.328586199074
  0.00000000  0.00000000  0.00000000  0.01000000  0.00000000  0.00500000 -0.00500000  -1730.328587311926
  0.00000000  0.00000000  0.00000000  0.01000000  0.00000000  0.00500000  0.00500000  -1730.328588020624
  0.00000000  0.00000000  0.00000000  0.01000000  0.00000000  0.01000000  0.00000000  -1730.328586938821
  0.00000000  0.00000000  0.00000000  0.01000000  0.01000000  0.00000000  0.00000000  -1730.328587609585
  0.00000000  0.00000000  0.00000000  0.01500000 -0.00500000  0.00000000  0.00000000  -1730.328584783528
  0.00000000  0.00000000  0.00000000  0.01500000  0.00500000  0.00000000  0.00000000  -1730.328586900463
  0.00000000  0.00000000  0.00000000  0.02000000  0.00000000  0.00000000  0.00000000  -1730.328583291840
  0.00000000  0.00000000  0.00500000 -0.01000000  0.00000000  0.00000000  0.00000000  -1730.328579937656
  0.00000000  0.00000000  0.00500000 -0.00500000 -0.00500000  0.00000000  0.00000000  -1730.328581018567
  0.00000000  0.00000000  0.00500000 -0.00500000  0.00500000  0.00000000  0.00000000  -1730.328580312215
  0.00000000  0.00000000  0.00500000  0.00000000 -0.01000000  0.00000000  0.00000000  -1730.328579208181
  0.00000000  0.00000000  0.00500000  0.00000000  0.00000000 -0.01000000  0.00000000  -1730.328579937870
  0.00000000  0.00000000  0.00500000  0.00000000  0.00000000 -0.00500000 -0.00500000  -1730.328581021051
  0.00000000  0.00000000  0.00500000  0.00000000  0.00000000 -0.00500000  0.00500000  -1730.328580312807
  0.00000000  0.00000000  0.00500000  0.00000000  0.00000000  0.00000000 -0.01000000  -1730.328579205758
  0.00000000  0.00000000  0.00500000  0.00000000  0.00000000  0.00000000  0.00000000  -1730.328581759489
  0.00000000  0.00000000  0.00500000  0.00000000  0.00000000  0.00000000  0.01000000  -1730.328579205679
  0.00000000  0.00000000  0.00500000  0.00000000  0.00000000  0.00500000 -0.00500000  -1730.328580312460
  0.00000000  0.00000000  0.00500000  0.00000000  0.00000000  0.00500000  0.00500000  -1730.328581018488
  0.00000000  0.00000000  0.00500000  0.00000000  0.00000000  0.01000000  0.00000000  -1730.328579937880
  0.00000000  0.00000000  0.00500000  0.00000000  0.01000000  0.00000000  0.00000000  -1730.328579205739
  0.00000000  0.00000000  0.00500000  0.00500000 -0.00500000  0.00000000  0.00000000  -1730.328580312267
  0.00000000  0.00000000  0.00500000  0.00500000  0.00500000  0.00000000  0.00000000  -1730.328581018705
  0.00000000  0.00000000  0.00500000  0.01000000  0.00000000  0.00000000  0.00000000  -1730.328579937345
  0.00000000  0.00000000  0.01000000 -0.01000000  0.00000000  0.00000000  0.00000000  -1730.328535795136
  0.00000000  0.00000000  0.01000000 -0.00500000 -0.00500000  0.00000000  0.00000000  -1730.328536877337
  0.00000000  0.00000000  0.01000000 -0.00500000  0.00500000  0.00000000  0.00000000  -1730.328536170459
  0.00000000  0.00000000  0.01000000  0.00000000 -0.01000000  0.00000000  0.00000000  -1730.328535070707
  0.00000000  0.00000000  0.01000000  0.00000000  0.00000000 -0.01000000  0.00000000  -1730.328535795032
  0.00000000  0.00000000  0.01000000  0.00000000  0.00000000 -0.00500000 -0.00500000  -1730.328536877561
  0.00000000  0.00000000  0.01000000  0.00000000  0.00000000 -0.00500000  0.00500000  -1730.328536170560
  0.00000000  0.00000000  0.01000000  0.00000000  0.00000000  0.00000000 -0.01000000  -1730.328535070525
  0.00000000  0.00000000  0.01000000  0.00000000  0.00000000  0.00000000  0.00000000  -1730.328537614935
  0.00000000  0.00000000  0.01000000  0.00000000  0.00000000  0.00000000  0.01000000  -1730.328535070716
  0.00000000  0.00000000  0.01000000  0.00000000  0.00000000  0.00500000 -0.00500000  -1730.328536170628
  0.00000000  0.00000000  0.01000000  0.00000000  0.00000000  0.00500000  0.00500000  -1730.328536877589
  0.00000000  0.00000000  0.01000000  0.00000000  0.00000000  0.01000000  0.00000000  -1730.328535794808
  0.00000000  0.00000000  0.01000000  0.00000000  0.01000000  0.00000000  0.00000000  -1730.328535070782
  0.00000000  0.00000000  0.01000000  0.00500000 -0.00500000  0.00000000  0.00000000  -1730.328536170695
  0.00000000  0.00000000  0.01000000  0.00500000  0.00500000  0.00000000  0.00000000  -1730.328536877161
  0.00000000  0.00000000  0.01000000  0.01000000  0.00000000  0.00000000  0.00000000  -1730.328535797579
  0.00000000  0.00000000  0.01500000  0.00000000  0.00000000  0.00000000  0.00000000  -1730.328459144939
  0.00000000  0.00000000  0.02000000  0.00000000  0.00000000  0.00000000  0.00000000  -1730.328347316647
  0.00000000  0.00500000 -0.01500000  0.00000000  0.00000000  0.00000000  0.00000000  -1730.328399568691
  0.00000000  0.00500000 -0.01000000  0.00000000  0.00000000  0.00000000  0.00000000  -1730.328503689986
  0.00000000  0.00500000 -0.00500000 -0.01000000  0.00000000  0.00000000  0.00000000  -1730.328567551868
  0.00000000  0.00500000 -0.00500000 -0.00500000 -0.00500000  0.00000000  0.00000000  -1730.328568624889
  0.00000000  0.00500000 -0.00500000 -0.00500000  0.00500000  0.00000000  0.00000000  -1730.328567910530
  0.00000000  0.00500000 -0.00500000  0.00000000 -0.01000000  0.00000000  0.00000000  -1730.328566820437
  0.00000000  0.00500000 -0.00500000  0.00000000  0.00000000 -0.01000000  0.00000000  -1730.328567549294
  0.00000000  0.00500000 -0.00500000  0.00000000  0.00000000 -0.00500000 -0.00500000  -1730.328568624547
  0.00000000  0.00500000 -0.00500000  0.00000000  0.00000000 -0.00500000  0.00500000  -1730.328567913015
  0.00000000  0.00500000 -0.00500000  0.00000000  0.00000000  0.00000000 -0.01000000  -1730.328566820682
  0.00000000  0.00500000 -0.00500000  0.00000000  0.00000000  0.00000000  0.00000000  -1730.328569350122
  0.00000000  0.00500000 -0.00500000  0.00000000  0.00000000  0.00000000  0.01000000  -1730.328566822966
  0.00000000  0.00500000 -0.00500000  0.00000000  0.00000000  0.00500000 -0.00500000  -1730.328567910401
  0.00000000  0.00500000 -0.00500000  0.00000000  0.00000000  0.00500000  0.00500000  -1730.328568624825
  0.00000000  0.00500000 -0.00500000  0.00000000  0.00000000  0.01000000  0.00000000  -1730.328567549448
  0.00000000  0.00500000 -0.00500000  0.00000000  0.01000000  0.00000000  0.00000000  -1730.328566820959
  0.00000000  0.00500000 -0.00500000  0.00500000 -0.00500000  0.00000000  0.00000000  -1730.328567910348
  0.00000000  0.00500000 -0.00500000  0.00500000  0.00500000  0.00000000  0.00000000  -1730.328568625094
  0.00000000  0.00500000 -0.00500000  0.01000000  0.00000000  0.00000000  0.00000000  -1730.328567549243
  0.00000000  0.00500000  0.00000000 -0.01000000  0.00000000  0.00000000  0.00000000  -1730.328595822116
  0.00000000  0.00500000  0.00000000 -0.00500000 -0.00500000  0.00000000  0.00000000  -1730.328596898738
  0.00000000  0.00500000  0.00000000 -0.00500000  0.00500000  0.00000000  0.00000000  -1730.328596183833
  0.00000000  0.00500000  0.00000000  0.00000000 -0.01000000  0.00000000  0.00000000  -1730.328595101147
  0.00000000  0.00500000  0.00000000  0.00000000  0.00000000 -0.01000000  0.00000000  -1730.328595822792
  0.00000000  0.00500000  0.00000000  0.00000000  0.00000000 -0.00500000 -0.00500000  -1730.328596899249
  0.00000000  0.00500000  0.00000000  0.00000000  0.00000000 -0.00500000  0.00500000  -1730.328596184120
  0.00000000  0.00500000  0.00000000  0.00000000  0.00000000  0.00000000 -0.01000000  -1730.328595101508
  0.00000000  0.00500000  0.00000000  0.00000000  0.00000000  0.00000000  0.00000000  -1730.328597621839
  0.00000000  0.00500000  0.00000000  0.00000000  0.00000000  0.00000000  0.01000000  -1730.328595101124
  0.00000000  0.00500000  0.00000000  0.00000000  0.00000000  0.00500000 -0.00500000  -1730.328596184049
  0.00000000  0.00500000  0.00000000  0.00000000  0.00000000  0.00500000  0.00500000  -1730.328596898783
  0.00000000  0.00500000  0.00000000  0.00000000  0.00000000  0.01000000  0.00000000  -1730.328595824838
  0.00000000  0.00500000  0.00000000  0.00000000  0.01000000  0.00000000  0.00000000  -1730.328595103796
  0.00000000  0.00500000  0.00000000  0.00500000 -0.00500000  0.00000000  0.00000000  -1730.328596184367
  0.00000000  0.00500000  0.00000000  0.00500000  0.00500000  0.00000000  0.00000000  -1730.328596898973
  0.00000000  0.00500000  0.00000000  0.01000000  0.00000000  0.00000000  0.00000000  -1730.328595822111
  0.00000000  0.00500000  0.00500000 -0.01000000  0.00000000  0.00000000  0.00000000  -1730.328587750871
  0.00000000  0.00500000  0.00500000 -0.00500000 -0.00500000  0.00000000  0.00000000  -1730.328588829101
  0.00000000  0.00500000  0.00500000 -0.00500000  0.00500000  0.00000000  0.00000000  -1730.328588114172
  0.00000000  0.00500000  0.00500000  0.00000000 -0.01000000  0.00000000  0.00000000  -1730.328587037495
  0.00000000  0.00500000  0.00500000  0.00000000  0.00000000 -0.01000000  0.00000000  -1730.328587751530
  0.00000000  0.00500000  0.00500000  0.00000000  0.00000000 -0.00500000 -0.00500000  -1730.328588829597
  0.00000000  0.00500000  0.00500000  0.00000000  0.00000000 -0.00500000  0.00500000  -1730.328588113970
  0.00000000  0.00500000  0.00500000  0.00000000  0.00000000  0.00000000 -0.01000000  -1730.328587037902
  0.00000000  0.00500000  0.00500000  0.00000000  0.00000000  0.00000000  0.00000000  -1730.328589548569
  0.00000000  0.00500000  0.00500000  0.00000000  0.00000000  0.00000000  0.01000000  -1730.328587037733
  0.00000000  0.00500000  0.00500000  0.00000000  0.00000000  0.00500000 -0.00500000  -1730.328588113543
  0.00000000  0.00500000  0.00500000  0.00000000  0.00000000  0.00500000  0.00500000  -1730.328588828916
  0.00000000  0.00500000  0.00500000  0.00000000  0.00000000  0.01000000  0.00000000  -1730.328587751643
  0.00000000  0.00500000  0.00500000  0.00000000  0.01000000  0.00000000  0.00000000  -1730.328587037606
  0.00000000  0.00500000  0.00500000  0.00500000 -0.00500000  0.00000000  0.00000000  -1730.328588113618
  0.00000000  0.00500000  0.00500000  0.00500000  0.00500000  0.00000000  0.00000000  -1730.328588828809
  0.00000000  0.00500000  0.00500000  0.01000000  0.00000000  0.00000000  0.00000000  -1730.328587751100
  0.00000000  0.00500000  0.01000000  0.00000000  0.00000000  0.00000000  0.00000000  -1730.328546150257
  0.00000000  0.00500000  0.01500000  0.00000000  0.00000000  0.00000000  0.00000000  -1730.328468418985
  0.00000000  0.01000000 -0.01000000  0.00000000  0.00000000  0.00000000  0.00000000  -1730.328424864662
  0.00000000  0.01000000 -0.00500000  0.00000000  0.00000000  0.00000000  0.00000000  -1730.328491298672
  0.00000000  0.01000000  0.00000000 -0.01000000  0.00000000  0.00000000  0.00000000  -1730.328518556974
  0.00000000  0.01000000  0.00000000 -0.00500000 -0.00500000  0.00000000  0.00000000  -1730.328519630401
  0.00000000  0.01000000  0.00000000 -0.00500000  0.00500000  0.00000000  0.00000000  -1730.328518906663
  0.00000000  0.01000000  0.00000000  0.00000000 -0.01000000  0.00000000  0.00000000  -1730.328517853781
  0.00000000  0.01000000  0.00000000  0.00000000  0.00000000 -0.01000000  0.00000000  -1730.328518556568
  0.00000000  0.01000000  0.00000000  0.00000000  0.00000000 -0.00500000 -0.00500000  -1730.328519630363
  0.00000000  0.01000000  0.00000000  0.00000000  0.00000000 -0.00500000  0.00500000  -1730.328518906295
  0.00000000  0.01000000  0.00000000  0.00000000  0.00000000  0.00000000 -0.01000000  -1730.328517854251
  0.00000000  0.01000000  0.00000000  0.00000000  0.00000000  0.00000000  0.00000000  -1730.328520331556
  0.00000000  0.01000000  0.00000000  0.00000000  0.00000000  0.00000000  0.01000000  -1730.328517853999
  0.00000000  0.01000000  0.00000000  0.00000000  0.00000000  0.00500000 -0.00500000  -1730.328518909234
  0.00000000  0.01000000  0.00000000  0.00000000  0.00000000  0.00500000  0.00500000  -1730.328519630516
  0.00000000  0.01000000  0.00000000  0.00000000  0.00000000  0.01000000  0.00000000  -1730.328518557122
  0.00000000  0.01000000  0.00000000  0.00000000  0.01000000  0.00000000  0.00000000  -1730.328517854256
  0.00000000  0.01000000  0.00000000  0.00500000 -0.00500000  0.00000000  0.00000000  -1730.328518909035
  0.00000000  0.01000000  0.00000000  0.00500000  0.00500000  0.00000000  0.00000000  -1730.328519633035
  0.00000000  0.01000000  0.00000000  0.01000000  0.00000000  0.00000000  0.00000000  -1730.328518556452
  0.00000000  0.01000000  0.00500000  0.00000000  0.00000000  0.00000000  0.00000000  -1730.328513015586
  0.00000000  0.01000000  0.01000000  0.00000000  0.00000000  0.00000000  0.00000000  -1730.328470367182
  0.00000000  0.01500000 -0.00500000  0.00000000  0.00000000  0.00000000  0.00000000  -1730.328331381889
  0.00000000  0.01500000  0.00000000  0.00000000  0.00000000  0.00000000  0.00000000  -1730.328361184937
  0.00000000  0.01500000  0.00500000  0.00000000  0.00000000  0.00000000  0.00000000  -1730.328354629465
  0.00000000  0.02000000  0.00000000  0.00000000  0.00000000  0.00000000  0.00000000  -1730.328122589928
  0.00500000 -0.01500000  0.00000000  0.00000000  0.00000000  0.00000000  0.00000000  -1730.328031196887
  0.00500000 -0.01000000 -0.00500000  0.00000000  0.00000000  0.00000000  0.00000000  -1730.328280084187
  0.00500000 -0.01000000  0.00000000  0.00000000  0.00000000  0.00000000  0.00000000  -1730.328306075945
  0.00500000 -0.01000000  0.00500000  0.00000000  0.00000000  0.00000000  0.00000000  -1730.328295746876
  0.00500000 -0.00500000 -0.01000000  0.00000000  0.00000000  0.00000000  0.00000000  -1730.328397984880
  0.00500000 -0.00500000 -0.00500000  0.00000000  0.00000000  0.00000000  0.00000000  -1730.328462104113
  0.00500000 -0.00500000  0.00000000 -0.01000000  0.00000000  0.00000000  0.00000000  -1730.328487006349
  0.00500000 -0.00500000  0.00000000 -0.00500000 -0.00500000  0.00000000  0.00000000  -1730.328488085632
  0.00500000 -0.00500000  0.00000000 -0.00500000  0.00500000  0.00000000  0.00000000  -1730.328487388667
  0.00500000 -0.00500000  0.00000000  0.00000000 -0.01000000  0.00000000  0.00000000  -1730.328486245968
  0.00500000 -0.00500000  0.00000000  0.00000000  0.00000000 -0.01000000  0.00000000  -1730.328487006612
  0.00500000 -0.00500000  0.00000000  0.00000000  0.00000000 -0.00500000 -0.00500000  -1730.328488085637
  0.00500000 -0.00500000  0.00000000  0.00000000  0.00000000 -0.00500000  0.00500000  -1730.328487388506
  0.00500000 -0.00500000  0.00000000  0.00000000  0.00000000  0.00000000 -0.01000000  -1730.328486243942
  0.00500000 -0.00500000  0.00000000  0.00000000  0.00000000  0.00000000  0.00000000  -1730.328488849192
  0.00500000 -0.00500000  0.00000000  0.00000000  0.00000000  0.00000000  0.01000000  -1730.328486246139
  0.00500000 -0.00500000  0.00000000  0.00000000  0.00000000  0.00500000 -0.00500000  -1730.328487388546
  0.00500000 -0.00500000  0.00000000  0.00000000  0.00000000  0.00500000  0.00500000  -1730.328488085702
  0.00500000 -0.00500000  0.00000000  0.00000000  0.00000000  0.01000000  0.00000000  -1730.328487006312
  0.00500000 -0.00500000  0.00000000  0.00000000  0.01000000  0.00000000  0.00000000  -1730.328486243479
  0.00500000 -0.00500000  0.00000000  0.00500000 -0.00500000  0.00000000  0.00000000  -1730.328487388716
  0.00500000 -0.00500000  0.00000000  0.00500000  0.00500000  0.00000000  0.00000000  -1730.328488086039
  0.00500000 -0.00500000  0.00000000  0.01000000  0.00000000  0.00000000  0.00000000  -1730.328487006236
  0.00500000 -0.00500000  0.00500000  0.00000000  0.00000000  0.00000000  0.00000000  -1730.328479265801
  0.00500000 -0.00500000  0.01000000  0.00000000  0.00000000  0.00000000  0.00000000  -1730.328434371470
  0.00500000  0.00000000 -0.01500000  0.00000000  0.00000000  0.00000000  0.00000000  -1730.328386452788
  0.00500000  0.00000000 -0.01000000  0.00000000  0.00000000  0.00000000  0.00000000  -1730.328489789450
  0.00500000  0.00000000 -0.00500000 -0.01000000  0.00000000  0.00000000  0.00000000  -1730.328552852923
  0.00500000  0.00000000 -0.00500000 -0.00500000 -0.00500000  0.00000000  0.00000000  -1730.328553927922
  0.00500000  0.00000000 -0.00500000 -0.00500000  0.00500000  0.00000000  0.00000000  -1730.328553224737
  0.00500000  0.00000000 -0.00500000  0.00000000 -0.01000000  0.00000000  0.00000000  -1730.328552100867
  0.00500000  0.00000000 -0.00500000  0.00000000  0.00000000 -0.01000000  0.00000000  -1730.328552853324
  0.00500000  0.00000000 -0.00500000  0.00000000  0.00000000 -0.00500000 -0.00500000  -1730.328553927902
  0.00500000  0.00000000 -0.00500000  0.00000000  0.00000000 -0.00500000  0.00500000  -1730.328553222149
  0.00500000  0.00000000 -0.00500000  0.00000000  0.00000000  0.00000000 -0.01000000  -1730.328552101525
  0.00500000  0.00000000 -0.00500000  0.00000000  0.00000000  0.00000000  0.00000000  -1730.328554673062
  0.00500000  0.00000000 -0.00500000  0.00000000  0.00000000  0.00000000  0.01000000  -1730.328552101267
  0.00500000  0.00000000 -0.00500000  0.00000000  0.00000000  0.00500000 -0.00500000  -1730.328553222176
  0.00500000  0.00000000 -0.00500000  0.00000000  0.00000000  0.00500000  0.00500000  -1730.328553927931
  0.00500000  0.00000000 -0.00500000  0.00000000  0.00000000  0.01000000  0.00000000  -1730.328552852654
  0.00500000  0.00000000 -0.00500000  0.00000000  0.01000000  0.00000000  0.00000000  -1730.328552101249
  0.00500000  0.00000000 -0.00500000  0.00500000 -0.00500000  0.00000000  0.00000000  -1730.328553222544
  0.00500000  0.00000000 -0.00500000  0.00500000  0.00500000  0.00000000  0.00000000  -1730.328553927919
  0.00500000  0.00000000 -0.00500000  0.01000000  0.00000000  0.00000000  0.00000000  -1730.328552855340
  0.00500000  0.00000000  0.00000000 -0.01000000  0.00000000  0.00000000  0.00000000  -1730.328580359624
  0.00500000  0.00000000  0.00000000 -0.00500000 -0.00500000  0.00000000  0.00000000  -1730.328581433582
  0.00500000  0.00000000  0.00000000 -0.00500000  0.00500000  0.00000000  0.00000000  -1730.328580727342
  0.00500000  0.00000000  0.00000000  0.00000000 -0.01000000  0.00000000  0.00000000  -1730.328579613235
  0.00500000  0.00000000  0.00000000  0.00000000  0.00000000 -0.01000000  0.00000000  -1730.328580357286
  0.00500000  0.00000000  0.00000000  0.00000000  0.00000000 -0.00500000 -0.00500000  -1730.328581433421
  0.00500000  0.00000000  0.00000000  0.00000000  0.00000000 -0.00500000  0.00500000  -1730.328580727382
  0.00500000  0.00000000  0.00000000  0.00000000  0.00000000  0.00000000 -0.01000000  -1730.328579612953
  0.00500000  0.00000000  0.00000000  0.00000000  0.00000000  0.00000000  0.00000000  -1730.328582178309
  0.00500000  0.00000000  0.00000000  0.00000000  0.00000000  0.00000000  0.01000000  -1730.328579613505
  0.00500000  0.00000000  0.00000000  0.00000000  0.00000000  0.00500000 -0.00500000  -1730.328580727498
  0.00500000  0.00000000  0.00000000  0.00000000  0.00000000  0.00500000  0.00500000  -1730.328581433040
  0.00500000  0.00000000  0.00000000  0.00000000  0.00000000  0.01000000  0.00000000  -1730.328580356771
  0.00500000  0.00000000  0.00000000  0.00000000  0.01000000  0.00000000  0.00000000  -1730.328579612914
  0.00500000  0.00000000  0.00000000  0.00500000 -0.00500000  0.00000000  0.00000000  -1730.328580727272
  0.00500000  0.00000000  0.00000000  0.00500000  0.00500000  0.00000000  0.00000000  -1730.328581433247
  0.00500000  0.00000000  0.00000000  0.01000000  0.00000000  0.00000000  0.00000000  -1730.328580359327
  0.00500000  0.00000000  0.00500000 -0.01000000  0.00000000  0.00000000  0.00000000  -1730.328571524789
  0.00500000  0.00000000  0.00500000 -0.00500000 -0.00500000  0.00000000  0.00000000  -1730.328572602691
  0.00500000  0.00000000  0.00500000 -0.00500000  0.00500000  0.00000000  0.00000000  -1730.328571895699
  0.00500000  0.00000000  0.00500000  0.00000000 -0.01000000  0.00000000  0.00000000  -1730.328570788539
  0.00500000  0.00000000  0.00500000  0.00000000  0.00000000 -0.01000000  0.00000000  -1730.328571524634
  0.00500000  0.00000000  0.00500000  0.00000000  0.00000000 -0.00500000 -0.00500000  -1730.328572602635
  0.00500000  0.00000000  0.00500000  0.00000000  0.00000000 -0.00500000  0.00500000  -1730.328571895873
  0.00500000  0.00000000  0.00500000  0.00000000  0.00000000  0.00000000 -0.01000000  -1730.328570788179
  0.00500000  0.00000000  0.00500000  0.00000000  0.00000000  0.00000000  0.00000000  -1730.328573342113
  0.00500000  0.00000000  0.00500000  0.00000000  0.00000000  0.00000000  0.01000000  -1730.328570788530
  0.00500000  0.00000000  0.00500000  0.00000000  0.00000000  0.00500000 -0.00500000  -1730.328571895933
  0.00500000  0.00000000  0.00500000  0.00000000  0.00000000  0.00500000  0.00500000  -1730.328572602360
  0.00500000  0.00000000  0.00500000  0.00000000  0.00000000  0.01000000  0.00000000  -1730.328571524608
  0.00500000  0.00000000  0.00500000  0.00000000  0.01000000  0.00000000  0.00000000  -1730.328570788591
  0.00500000  0.00000000  0.00500000  0.00500000 -0.00500000  0.00000000  0.00000000  -1730.328571895647
  0.00500000  0.00000000  0.00500000  0.00500000  0.00500000  0.00000000  0.00000000  -1730.328572602812
  0.00500000  0.00000000  0.00500000  0.01000000  0.00000000  0.00000000  0.00000000  -1730.328571524728
  0.00500000  0.00000000  0.01000000  0.00000000  0.00000000  0.00000000  0.00000000  -1730.328529189834
  0.00500000  0.00000000  0.01500000  0.00000000  0.00000000  0.00000000  0.00000000  -1730.328450712727
  0.00500000  0.00500000 -0.01000000  0.00000000  0.00000000  0.00000000  0.00000000  -1730.328494734157
  0.00500000  0.00500000 -0.00500000  0.00000000  0.00000000  0.00000000  0.00000000  -1730.328560386077
  0.00500000  0.00500000  0.00000000 -0.01000000  0.00000000  0.00000000  0.00000000  -1730.328586855049
  0.00500000  0.00500000  0.00000000 -0.00500000 -0.00500000  0.00000000  0.00000000  -1730.328587928457
  0.00500000  0.00500000  0.00000000 -0.00500000  0.00500000  0.00000000  0.00000000  -1730.328587213237
  0.00500000  0.00500000  0.00000000  0.00000000 -0.01000000  0.00000000  0.00000000  -1730.328586129160
  0.00500000  0.00500000  0.00000000  0.00000000  0.00000000 -0.01000000  0.00000000  -1730.328586854754
  0.00500000  0.00500000  0.00000000  0.00000000  0.00000000 -0.00500000 -0.00500000  -1730.328587928722
  0.00500000  0.00500000  0.00000000  0.00000000  0.00000000 -0.00500000  0.00500000  -1730.328587212847
  0.00500000  0.00500000  0.00000000  0.00000000  0.00000000  0.00000000 -0.01000000  -1730.328586129044
  0.00500000  0.00500000  0.00000000  0.00000000  0.00000000  0.00000000  0.00000000  -1730.328588649279
  0.00500000  0.00500000  0.00000000  0.00000000  0.00000000  0.00000000  0.01000000  -1730.328586129612
  0.00500000  0.00500000  0.00000000  0.00000000  0.00000000  0.00500000 -0.00500000  -1730.328587212819
  0.00500000  0.00500000  0.00000000  0.00000000  0.00000000  0.00500000  0.00500000  -1730.328587928061
  0.00500000  0.00500000  0.00000000  0.00000000  0.00000000  0.01000000  0.00000000  -1730.328586855110
  0.00500000  0.00500000  0.00000000  0.00000000  0.01000000  0.00000000  0.00000000  -1730.328586129089
  0.00500000  0.00500000  0.00000000  0.00500000 -0.00500000  0.00000000  0.00000000  -1730.328587212913
  0.00500000  0.00500000  0.00000000  0.00500000  0.00500000  0.00000000  0.00000000  -1730.328587928834
  0.00500000  0.00500000  0.00000000  0.01000000  0.00000000  0.00000000  0.00000000  -1730.328586854889
  0.00500000  0.00500000  0.00500000  0.00000000  0.00000000  0.00000000  0.00000000  -1730.328580568705
  0.00500000  0.00500000  0.01000000  0.00000000  0.00000000  0.00000000  0.00000000  -1730.328537162584
  0.00500000  0.01000000 -0.00500000  0.00000000  0.00000000  0.00000000  0.00000000  -1730.328481775365
  0.00500000  0.01000000  0.00000000  0.00000000  0.00000000  0.00000000  0.00000000  -1730.328510800267
  0.00500000  0.01000000  0.00500000  0.00000000  0.00000000  0.00000000  0.00000000  -1730.328503476546
  0.00500000  0.01500000  0.00000000  0.00000000  0.00000000  0.00000000  0.00000000  -1730.328351098870
  0.01000000 -0.01000000  0.00000000  0.00000000  0.00000000  0.00000000  0.00000000  -1730.328283428298
  0.01000000 -0.00500000 -0.00500000  0.00000000  0.00000000  0.00000000  0.00000000  -1730.328438911058
  0.01000000 -0.00500000  0.00000000  0.00000000  0.00000000  0.00000000  0.00000000  -1730.328465648559
  0.01000000 -0.00500000  0.00500000  0.00000000  0.00000000  0.00000000  0.00000000  -1730.328456059911
  0.01000000  0.00000000 -0.01000000  0.00000000  0.00000000  0.00000000  0.00000000  -1730.328466055066
  0.01000000  0.00000000 -0.00500000  0.00000000  0.00000000  0.00000000  0.00000000  -1730.328530930512
  0.01000000  0.00000000  0.00000000 -0.01000000  0.00000000  0.00000000  0.00000000  -1730.328556614145
  0.01000000  0.00000000  0.00000000 -0.00500000 -0.00500000  0.00000000  0.00000000  -1730.328557686940
  0.01000000  0.00000000  0.00000000 -0.00500000  0.00500000  0.00000000  0.00000000  -1730.328556977966
  0.01000000  0.00000000  0.00000000  0.00000000 -0.01000000  0.00000000  0.00000000  -1730.328555865176
  0.01000000  0.00000000  0.00000000  0.00000000  0.00000000 -0.01000000  0.00000000  -1730.328556611867
  0.01000000  0.00000000  0.00000000  0.00000000  0.00000000 -0.00500000 -0.00500000  -1730.328557684340
  0.01000000  0.00000000  0.00000000  0.00000000  0.00000000 -0.00500000  0.00500000  -1730.328556977851
  0.01000000  0.00000000  0.00000000  0.00000000  0.00000000  0.00000000 -0.01000000  -1730.328555862614
  0.01000000  0.00000000  0.00000000  0.00000000  0.00000000  0.00000000  0.00000000  -1730.328558425594
  0.01000000  0.00000000  0.00000000  0.00000000  0.00000000  0.00000000  0.01000000  -1730.328555862829
  0.01000000  0.00000000  0.00000000  0.00000000  0.00000000  0.00500000 -0.00500000  -1730.328556978109
  0.01000000  0.00000000  0.00000000  0.00000000  0.00000000  0.00500000  0.00500000  -1730.328557684107
  0.01000000  0.00000000  0.00000000  0.00000000  0.00000000  0.01000000  0.00000000  -1730.328556611368
  0.01000000  0.00000000  0.00000000  0.00000000  0.01000000  0.00000000  0.00000000  -1730.328555862611
  0.01000000  0.00000000  0.00000000  0.00500000 -0.00500000  0.00000000  0.00000000  -1730.328556977846
  0.01000000  0.00000000  0.00000000  0.00500000  0.00500000  0.00000000  0.00000000  -1730.328557684145
  0.01000000  0.00000000  0.00000000  0.01000000  0.00000000  0.00000000  0.00000000  -1730.328556611303
  0.01000000  0.00000000  0.00500000  0.00000000  0.00000000  0.00000000  0.00000000  -1730.328549584339
  0.01000000  0.00000000  0.01000000  0.00000000  0.00000000  0.00000000  0.00000000  -1730.328505424536
  0.01000000  0.00500000 -0.00500000  0.00000000  0.00000000  0.00000000  0.00000000  -1730.328536097489
  0.01000000  0.00500000  0.00000000  0.00000000  0.00000000  0.00000000  0.00000000  -1730.328564353052
  0.01000000  0.00500000  0.00500000  0.00000000  0.00000000  0.00000000  0.00000000  -1730.328556267636
  0.01000000  0.01000000  0.00000000  0.00000000  0.00000000  0.00000000  0.00000000  -1730.328485962305
  0.01500000 -0.00500000  0.00000000  0.00000000  0.00000000  0.00000000  0.00000000  -1730.328427449248
  0.01500000  0.00000000 -0.00500000  0.00000000  0.00000000  0.00000000  0.00000000  -1730.328492206346
  0.01500000  0.00000000  0.00000000  0.00000000  0.00000000  0.00000000  0.00000000  -1730.328519693945
  0.01500000  0.00000000  0.00500000  0.00000000  0.00000000  0.00000000  0.00000000  -1730.328510845153
  0.01500000  0.00500000  0.00000000  0.00000000  0.00000000  0.00000000  0.00000000  -1730.328525092772
  0.02000000  0.00000000  0.00000000  0.00000000  0.00000000  0.00000000  0.00000000  -1730.328466333072
UNKNOWNS
 114
FUNCTION
    0    1    0    0    2    1    0    1    0    0    0    0    0    0    0    0
    3    2    1    0    2    1    0    1    0    0    1    0    0    1    0    0
    1    0    0    1    0    0    1    0    0    1    0    0    4    3    2    1
    0    3    2    1    0    2    1    0    1    0    0    2    1    0    1    0
    0    0    2    1    0    1    0    0    0    2    1    0    1    0    0    0
    0    0    2    1    0    1    0    0    0    0    0    0    2    1    0    1
    0    0    0    0    0    0    2    1    0    1    0    0    0    0    0    0
    0    0
    0    0    1    0    0    1    2    0    1    0    0    0    0    0    0    0
    0    1    2    3    0    1    2    0    1    0    0    1    0    0    1    0
    0    1    0    0    1    0    0    1    0    0    1    0    0    1    2    3
    4    0    1    2    3    0    1    2    0    1    0    0    1    2    0    1
    0    0    0    1    2    0    1    0    0    0    1    2    0    1    0    0
    0    0    0    1    2    0    1    0    0    0    0    0    0    1    2    0
    1    0    0    0    0    0    0    1    2    0    1    0    0    0    0    0
    0    0
    0    0    0    1    0    0    0    1    1    2    0    0    0    0    0    0
    0    0    0    0    1    1    1    2    2    3    0    0    1    0    0    1
    0    0    1    0    0    1    0    0    1    0    0    1    0    0    0    0
    0    1    1    1    1    2    2    2    3    3    4    0    0    0    1    1
    2    0    0    0    0    1    1    2    0    0    0    0    1    1    2    0
    0    0    0    0    0    1    1    2    0    0    0    0    0    0    0    1
    1    2    0    0    0    0    0    0    0    1    1    2    0    0    0    0
    0    0
    0    0    0    0    0    0    0    0    0    0    2    1    0    0    0    0
    0    0    0    0    0    0    0    0    0    0    2    2    2    1    1    1
    0    0    0    0    0    0    0    0    0    0    0    0    0    0    0    0
    0    0    0    0    0    0    0    0    0    0    0    2    2    2    2    2
    2    4    1    1    1    1    1    1    3    0    0    0    0    0    0    2
    1    0    0    0    0    0    0    0    2    1    0    0    0    0    0    0
    0    0    2    1    0    0    0    0    0    0    0    0    2    1    0    0
    0    0
    0    0    0    0    0    0    0    0    0    0    0    1    2    0    0    0
    0    0    0    0    0    0    0    0    0    0    0    0    0    1    1    1
    2    2    2    0    0    0    0    0    0    0    0    0    0    0    0    0
    0    0    0    0    0    0    0    0    0    0    0    0    0    0    0    0
    0    0    1    1    1    1    1    1    1    2    2    2    2    2    2    2
    3    4    0    0    0    0    0    0    0    1    2    0    0    0    0    0
    0    0    0    1    2    0    0    0    0    0    0    0    0    1    2    0
    0    0
    0    0    0    0    0    0    0    0    0    0    0    0    0    2    1    0
    0    0    0    0    0    0    0    0    0    0    0    0    0    0    0    0
    0    0    0    2    2    2    1    1    1    0    0    0    0    0    0    0
    0    0    0    0    0    0    0    0    0    0    0    0    0    0    0    0
    0    0    0    0    0    0    0    0    0    0    0    0    0    0    0    0
    0    0    2    2    2    2    2    2    2    2    2    4    1    1    1    1
    1    1    1    1    1    3    0    0    0    0    0    0    0    0    0    2
    1    0
    0    0    0    0    0    0    0    0    0    0    0    0    0    0    1    2
    0    0    0    0    0    0    0    0    0    0    0    0    0    0    0    0
    0    0    0    0    0    0    1    1    1    2    2    2    0    0    0    0
    0    0    0    0    0    0    0    0    0    0    0    0    0    0    0    0
    0    0    0    0    0    0    0    0    0    0    0    0    0    0    0    0
    0    0    0    0    0    0    0    0    0    0    0    0    1    1    1    1
    1    1    1    1    1    1    2    2    2    2    2    2    2    2    2    2
    3    4
STATIONARY POINT
     -0.000303550900      0.002919212500      0.001327521500      0.000000000000      0.000000000000      0.000000000000      0.000000000000       -1730.328606384455
END OF DATA
!FIT
!END