!INPUT
TITLE
 CuCN CcCR
INDEPENDENT VARIABLES
   3
DATA POINTS
 55    -2
(3F12.8,f20.15)
 -0.02000000  0.00000000  0.00000000 -1746.376910802127
 -0.01500000 -0.00500000  0.00000000 -1746.376777314790
 -0.01500000  0.00000000  0.00000000 -1746.376973220465
 -0.01500000  0.00500000  0.00000000 -1746.377065288651
 -0.01000000 -0.01000000  0.00000000 -1746.376521630877
 -0.01000000 -0.00500000  0.00000000 -1746.376824378535
 -0.01000000  0.00000000  0.00000000 -1746.377019815761
 -0.01000000  0.00000000  0.01000000 -1746.377017955140
 -0.01000000  0.00500000  0.00000000 -1746.377111416538
 -0.01000000  0.01000000  0.00000000 -1746.377102557262
 -0.00500000 -0.01500000  0.00000000 -1746.376140489439
 -0.00500000 -0.01000000  0.00000000 -1746.376553666066
 -0.00500000 -0.00500000  0.00000000 -1746.376855965523
 -0.00500000 -0.00500000  0.01000000 -1746.376854091726
 -0.00500000  0.00000000  0.00000000 -1746.377050958564
 -0.00500000  0.00000000  0.01000000 -1746.377049101721
 -0.00500000  0.00500000  0.00000000 -1746.377142113083
 -0.00500000  0.00500000  0.01000000 -1746.377140274022
 -0.00500000  0.01000000  0.00000000 -1746.377132806533
 -0.00500000  0.01500000  0.00000000 -1746.377026326811
  0.00000000 -0.02000000  0.00000000 -1746.375630526553
  0.00000000 -0.01500000  0.00000000 -1746.376157817418
  0.00000000 -0.01000000  0.00000000 -1746.376570566504
  0.00000000 -0.01000000  0.01000000 -1746.376568679498
  0.00000000 -0.00500000  0.00000000 -1746.376872441122
  0.00000000 -0.00500000  0.01000000 -1746.376870573318
  0.00000000  0.00000000  0.00000000 -1746.377067007821
  0.00000000  0.00000000  0.01000000 -1746.377065156684
  0.00000000  0.00000000  0.02000000 -1746.377059604981
  0.00000000  0.00500000  0.00000000 -1746.377157736916
  0.00000000  0.00500000  0.01000000 -1746.377155904510
  0.00000000  0.01000000  0.00000000 -1746.377148005561
  0.00000000  0.01000000  0.01000000 -1746.377146190026
  0.00000000  0.01500000  0.00000000 -1746.377041100515
  0.00000000  0.02000000  0.00000000 -1746.376840218988
  0.00500000 -0.01500000  0.00000000 -1746.376160345497
  0.00500000 -0.01000000  0.00000000 -1746.376572691168
  0.00500000 -0.00500000  0.00000000 -1746.376874159599
  0.00500000 -0.00500000  0.01000000 -1746.376872295827
  0.00500000  0.00000000  0.00000000 -1746.377068321775
  0.00500000  0.00000000  0.01000000 -1746.377066474848
  0.00500000  0.00500000  0.00000000 -1746.377158644807
  0.00500000  0.00500000  0.01000000 -1746.377156816284
  0.00500000  0.01000000  0.00000000 -1746.377148509285
  0.00500000  0.01500000  0.00000000 -1746.377041198357
  0.01000000 -0.01000000  0.00000000 -1746.376560384041
  0.01000000 -0.00500000  0.00000000 -1746.376861468986
  0.01000000  0.00000000  0.00000000 -1746.377055244825
  0.01000000  0.00000000  0.01000000 -1746.377053402952
  0.01000000  0.00500000  0.00000000 -1746.377145182427
  0.01000000  0.01000000  0.00000000 -1746.377134661153
  0.01500000 -0.00500000  0.00000000 -1746.376834706795
  0.01500000  0.00000000  0.00000000 -1746.377028117000
  0.01500000  0.00500000  0.00000000 -1746.377117689963
  0.02000000  0.00000000  0.00000000 -1746.376987272343
UNKNOWNS
  22
FUNCTION
   0    1    0    2    1    0    0    3    2    1    0    1    0    4    3    2
   1    0    2    1    0    0
   0    0    1    0    1    2    0    0    1    2    3    0    1    0    1    2
   3    4    0    1    2    0
   0    0    0    0    0    0    2    0    0    0    0    2    2    0    0    0
   0    0    2    2    2    4
STATIONARY POINT
      0.002752103736      0.006990055618      0.000000000000     -1746.377167921030
END OF DATA
!FIT
!END

