!INPUT
TITLE
CuOH+ anpass2
INDEPENDENT VARIABLES
3
DATA POINTS
 129   -2
(3F12.8,f20.12)
  0.00000000  0.00000000  0.00000000  -1729.487944244552
 -0.02000000  0.00000000  0.00000000  -1729.487830473567
 -0.01500000 -0.00500000  0.00000000  -1729.487855158285
 -0.01500000  0.00000000 -0.00500000  -1729.487883876545
 -0.01500000  0.00000000  0.00000000  -1729.487887471852
 -0.01500000  0.00000000  0.00500000  -1729.487889302237
 -0.01500000  0.00500000  0.00000000  -1729.487872457152
 -0.01000000 -0.01000000  0.00000000  -1729.487811701403
 -0.01000000 -0.00500000 -0.00500000  -1729.487889219688
 -0.01000000 -0.00500000  0.00000000  -1729.487892905989
 -0.01000000 -0.00500000  0.00500000  -1729.487894823602
 -0.01000000  0.00000000 -0.01000000  -1729.487918006223
 -0.01000000  0.00000000 -0.00500000  -1729.487922432020
 -0.01000000  0.00000000  0.00000000  -1729.487925080497
 -0.01000000  0.00000000  0.00500000  -1729.487925975462
 -0.01000000  0.00000000  0.01000000  -1729.487925120714
 -0.01000000  0.00500000 -0.00500000  -1729.487908312905
 -0.01000000  0.00500000  0.00000000  -1729.487909933831
 -0.01000000  0.00500000  0.00500000  -1729.487909801686
 -0.01000000  0.01000000  0.00000000  -1729.487849093318
 -0.00500000 -0.01500000  0.00000000  -1729.487698843343
 -0.00500000 -0.01000000 -0.00500000  -1729.487826933985
 -0.00500000 -0.01000000  0.00000000  -1729.487830692996
 -0.00500000 -0.01000000  0.00500000  -1729.487832687113
 -0.00500000 -0.00500000 -0.01000000  -1729.487904521543
 -0.00500000 -0.00500000 -0.00500000  -1729.487909035731
 -0.00500000 -0.00500000  0.00000000  -1729.487911776273
 -0.00500000 -0.00500000  0.00500000  -1729.487912753884
 -0.00500000 -0.00500000  0.01000000  -1729.487911981934
 -0.00500000  0.00000000 -0.01500000  -1729.487933367677
 -0.00500000  0.00000000 -0.01000000  -1729.487938634702
 -0.00500000  0.00000000 -0.00500000  -1729.487942118793
 -0.00500000  0.00000000  0.00000000  -1729.487943836396
 -0.00500000  0.00000000  0.00500000  -1729.487943799691
 -0.00500000  0.00000000  0.01000000  -1729.487942012671
 -0.00500000  0.00000000  0.01500000  -1729.487938493277
 -0.00500000  0.00500000 -0.01000000  -1729.487925411250
 -0.00500000  0.00500000 -0.00500000  -1729.487927869700
 -0.00500000  0.00500000  0.00000000  -1729.487928566540
 -0.00500000  0.00500000  0.00500000  -1729.487927506342
 -0.00500000  0.00500000  0.01000000  -1729.487924707663
 -0.00500000  0.01000000 -0.00500000  -1729.487867926577
 -0.00500000  0.01000000  0.00000000  -1729.487867599130
 -0.00500000  0.01000000  0.00500000  -1729.487865518900
 -0.00500000  0.01500000  0.00000000  -1729.487762522211
  0.00000000 -0.02000000  0.00000000  -1729.487515261924
  0.00000000 -0.01500000 -0.00500000  -1729.487695741515
  0.00000000 -0.01500000  0.00000000  -1729.487699572463
  0.00000000 -0.01500000  0.00500000  -1729.487701635411
  0.00000000 -0.01000000 -0.01000000  -1729.487823905434
  0.00000000 -0.01000000 -0.00500000  -1729.487828497484
  0.00000000 -0.01000000  0.00000000  -1729.487831315864
  0.00000000 -0.01000000  0.00500000  -1729.487832372084
  0.00000000 -0.01000000  0.01000000  -1729.487831677310
  0.00000000 -0.00500000 -0.01500000  -1729.487901557979
  0.00000000 -0.00500000 -0.01000000  -1729.487906915084
  0.00000000 -0.00500000 -0.00500000  -1729.487910486437
  0.00000000 -0.00500000  0.00000000  -1729.487912291970
  0.00000000 -0.00500000  0.00500000  -1729.487912342299
  0.00000000 -0.00500000  0.01000000  -1729.487910640973
  0.00000000 -0.00500000  0.01500000  -1729.487907208542
  0.00000000  0.00000000 -0.02000000  -1729.487930451417
  0.00000000  0.00000000 -0.01500000  -1729.487936570052
  0.00000000  0.00000000 -0.01000000  -1729.487940897872
  0.00000000  0.00000000 -0.00500000  -1729.487943455585
  0.00000000  0.00000000  0.00500000  -1729.487943281849
  0.00000000  0.00000000  0.01000000  -1729.487940579226
  0.00000000  0.00000000  0.01500000  -1729.487936148338
  0.00000000  0.00000000  0.02000000  -1729.487929994333
  0.00000000  0.00500000 -0.01500000  -1729.487924245615
  0.00000000  0.00500000 -0.01000000  -1729.487927551582
  0.00000000  0.00500000 -0.00500000  -1729.487929086780
  0.00000000  0.00500000  0.00000000  -1729.487928862173
  0.00000000  0.00500000  0.00500000  -1729.487926889616
  0.00000000  0.00500000  0.01000000  -1729.487923179728
  0.00000000  0.00500000  0.01500000  -1729.487917745038
  0.00000000  0.01000000 -0.01000000  -1729.487868510645
  0.00000000  0.01000000 -0.00500000  -1729.487869024390
  0.00000000  0.01000000  0.00000000  -1729.487867785857
  0.00000000  0.01000000  0.00500000  -1729.487864799788
  0.00000000  0.01000000  0.01000000  -1729.487860082876
  0.00000000  0.01500000 -0.00500000  -1729.487764857028
  0.00000000  0.01500000  0.00000000  -1729.487762596796
  0.00000000  0.01500000  0.00500000  -1729.487758602765
  0.00000000  0.02000000  0.00000000  -1729.487614841364
  0.00500000 -0.01500000  0.00000000  -1729.487682426044
  0.00500000 -0.01000000 -0.00500000  -1729.487812191084
  0.00500000 -0.01000000  0.00000000  -1729.487814074299
  0.00500000 -0.01000000  0.00500000  -1729.487814199757
  0.00500000 -0.00500000 -0.01000000  -1729.487891435190
  0.00500000 -0.00500000 -0.00500000  -1729.487894077627
  0.00500000 -0.00500000  0.00000000  -1729.487894956284
  0.00500000 -0.00500000  0.00500000  -1729.487894082695
  0.00500000 -0.00500000  0.01000000  -1729.487891465765
  0.00500000  0.00000000 -0.01500000  -1729.487921907376
  0.00500000  0.00000000 -0.01000000  -1729.487925308479
  0.00500000  0.00000000 -0.00500000  -1729.487926940135
  0.00500000  0.00000000  0.00000000  -1729.487926814179
  0.00500000  0.00000000  0.00500000  -1729.487924934824
  0.00500000  0.00000000  0.01000000  -1729.487921320742
  0.00500000  0.00000000  0.01500000  -1729.487915980606
  0.00500000  0.00500000 -0.01000000  -1729.487911848371
  0.00500000  0.00500000 -0.00500000  -1729.487912467152
  0.00500000  0.00500000  0.00000000  -1729.487911332130
  0.00500000  0.00500000  0.00500000  -1729.487908451981
  0.00500000  0.00500000  0.01000000  -1729.487903839781
  0.00500000  0.01000000 -0.00500000  -1729.487852298521
  0.00500000  0.01000000  0.00000000  -1729.487850154381
  0.00500000  0.01000000  0.00500000  -1729.487846271280
  0.00500000  0.01500000  0.00000000  -1729.487744867004
  0.01000000 -0.01000000  0.00000000  -1729.487779459819
  0.01000000 -0.00500000 -0.00500000  -1729.487860299558
  0.01000000 -0.00500000  0.00000000  -1729.487860258039
  0.01000000 -0.00500000  0.00500000  -1729.487858467983
  0.01000000  0.00000000 -0.01000000  -1729.487892356189
  0.01000000  0.00000000 -0.00500000  -1729.487893072346
  0.01000000  0.00000000  0.00000000  -1729.487892030219
  0.01000000  0.00000000  0.00500000  -1729.487889245996
  0.01000000  0.00000000  0.01000000  -1729.487884728620
  0.01000000  0.00500000 -0.00500000  -1729.487878503244
  0.01000000  0.00500000  0.00000000  -1729.487876463652
  0.01000000  0.00500000  0.00500000  -1729.487872687778
  0.01000000  0.01000000  0.00000000  -1729.487815202376
  0.01500000 -0.00500000  0.00000000  -1729.487808678604
  0.01500000  0.00000000 -0.00500000  -1729.487842321878
  0.01500000  0.00000000  0.00000000  -1729.487840378112
  0.01500000  0.00000000  0.00500000  -1729.487836694470
  0.01500000  0.00500000  0.00000000  -1729.487824738464
  0.02000000  0.00000000  0.00000000  -1729.487772323643
UNKNOWNS
  35
FUNCTION
   0    1    0    0    2    1    0    1    0    0    3    2    1    0    2    1
   0    1    0    0    4    3    2    1    0    3    2    1    0    2    1    0
   1    0    0
   0    0    1    0    0    1    2    0    1    0    0    1    2    3    0    1
   2    0    1    0    0    1    2    3    4    0    1    2    3    0    1    2
   0    1    0
   0    0    0    1    0    0    0    1    1    2    0    0    0    0    1    1
   1    2    2    3    0    0    0    0    0    1    1    1    1    2    2    2
   3    3    4
STATIONARY POINT
     -0.002425558400      0.000842202400      0.000539237800       -1729.487947003358
END OF DATA
!FIT
!END