!INPUT
TITLE
 l-C3P- ^1A' CcCR
INDEPENDENT VARIABLES
   7
DATA POINTS
 625   -2
(7F12.8,f20.12)
  0.00000000  0.00000000  0.00000000  0.00000000  0.00000000  0.00000000  0.00000000   -456.574230236821
 -0.02000000  0.00000000  0.00000000  0.00000000  0.00000000  0.00000000  0.00000000   -456.573739179733
 -0.01500000 -0.00500000  0.00000000  0.00000000  0.00000000  0.00000000  0.00000000   -456.573942079358
 -0.01500000  0.00000000 -0.00500000  0.00000000  0.00000000  0.00000000  0.00000000   -456.573961385837
 -0.01500000  0.00000000  0.00000000  0.00000000  0.00000000  0.00000000  0.00000000   -456.573968093654
 -0.01500000  0.00000000  0.00500000  0.00000000  0.00000000  0.00000000  0.00000000   -456.573931133916
 -0.01500000  0.00500000  0.00000000  0.00000000  0.00000000  0.00000000  0.00000000   -456.573949868602
 -0.01000000 -0.01000000  0.00000000  0.00000000  0.00000000  0.00000000  0.00000000   -456.574034233304
 -0.01000000 -0.00500000 -0.00500000  0.00000000  0.00000000  0.00000000  0.00000000   -456.574089432759
 -0.01000000 -0.00500000  0.00000000  0.00000000  0.00000000  0.00000000  0.00000000   -456.574102262372
 -0.01000000 -0.00500000  0.00500000  0.00000000  0.00000000  0.00000000  0.00000000   -456.574071401301
 -0.01000000  0.00000000 -0.01000000  0.00000000  0.00000000  0.00000000  0.00000000   -456.574062182047
 -0.01000000  0.00000000 -0.00500000  0.00000000  0.00000000  0.00000000  0.00000000   -456.574115925108
 -0.01000000  0.00000000  0.00000000 -0.01000000  0.00000000  0.00000000  0.00000000   -456.574122365171
 -0.01000000  0.00000000  0.00000000 -0.00500000 -0.00500000  0.00000000  0.00000000   -456.574122935296
 -0.01000000  0.00000000  0.00000000 -0.00500000  0.00500000  0.00000000  0.00000000   -456.574122821139
 -0.01000000  0.00000000  0.00000000  0.00000000 -0.01000000  0.00000000  0.00000000   -456.574119526971
 -0.01000000  0.00000000  0.00000000  0.00000000  0.00000000 -0.01000000  0.00000000   -456.574122365920
 -0.01000000  0.00000000  0.00000000  0.00000000  0.00000000 -0.00500000 -0.00500000   -456.574122935659
 -0.01000000  0.00000000  0.00000000  0.00000000  0.00000000 -0.00500000  0.00500000   -456.574122821238
 -0.01000000  0.00000000  0.00000000  0.00000000  0.00000000  0.00000000 -0.01000000   -456.574119526795
 -0.01000000  0.00000000  0.00000000  0.00000000  0.00000000  0.00000000  0.00000000   -456.574124810388
 -0.01000000  0.00000000  0.00000000  0.00000000  0.00000000  0.00000000  0.01000000   -456.574119527040
 -0.01000000  0.00000000  0.00000000  0.00000000  0.00000000  0.00500000 -0.00500000   -456.574122820998
 -0.01000000  0.00000000  0.00000000  0.00000000  0.00000000  0.00500000  0.00500000   -456.574122935069
 -0.01000000  0.00000000  0.00000000  0.00000000  0.00000000  0.01000000  0.00000000   -456.574122366039
 -0.01000000  0.00000000  0.00000000  0.00000000  0.01000000  0.00000000  0.00000000   -456.574119526889
 -0.01000000  0.00000000  0.00000000  0.00500000 -0.00500000  0.00000000  0.00000000   -456.574122821565
 -0.01000000  0.00000000  0.00000000  0.00500000  0.00500000  0.00000000  0.00000000   -456.574122935228
 -0.01000000  0.00000000  0.00000000  0.01000000  0.00000000  0.00000000  0.00000000   -456.574122366173
 -0.01000000  0.00000000  0.00500000  0.00000000  0.00000000  0.00000000  0.00000000   -456.574090029530
 -0.01000000  0.00000000  0.01000000  0.00000000  0.00000000  0.00000000  0.00000000   -456.574012753731
 -0.01000000  0.00500000 -0.00500000  0.00000000  0.00000000  0.00000000  0.00000000   -456.574098199350
 -0.01000000  0.00500000  0.00000000  0.00000000  0.00000000  0.00000000  0.00000000   -456.574103189557
 -0.01000000  0.00500000  0.00500000  0.00000000  0.00000000  0.00000000  0.00000000   -456.574064538917
 -0.01000000  0.01000000  0.00000000  0.00000000  0.00000000  0.00000000  0.00000000   -456.574038675649
 -0.00500000 -0.01500000  0.00000000  0.00000000  0.00000000  0.00000000  0.00000000   -456.574016644995
 -0.00500000 -0.01000000 -0.00500000  0.00000000  0.00000000  0.00000000  0.00000000   -456.574108855091
 -0.00500000 -0.01000000  0.00000000  0.00000000  0.00000000  0.00000000  0.00000000   -456.574127899437
 -0.00500000 -0.01000000  0.00500000  0.00000000  0.00000000  0.00000000  0.00000000   -456.574103230607
 -0.00500000 -0.00500000 -0.01000000  0.00000000  0.00000000  0.00000000  0.00000000   -456.574117462120
 -0.00500000 -0.00500000 -0.00500000  0.00000000  0.00000000  0.00000000  0.00000000   -456.574177371791
 -0.00500000 -0.00500000  0.00000000 -0.01000000  0.00000000  0.00000000  0.00000000   -456.574189951735
 -0.00500000 -0.00500000  0.00000000 -0.00500000 -0.00500000  0.00000000  0.00000000   -456.574190522593
 -0.00500000 -0.00500000  0.00000000 -0.00500000  0.00500000  0.00000000  0.00000000   -456.574190399564
 -0.00500000 -0.00500000  0.00000000  0.00000000 -0.01000000  0.00000000  0.00000000   -456.574187089986
 -0.00500000 -0.00500000  0.00000000  0.00000000  0.00000000 -0.01000000  0.00000000   -456.574189951402
 -0.00500000 -0.00500000  0.00000000  0.00000000  0.00000000 -0.00500000 -0.00500000   -456.574190522384
 -0.00500000 -0.00500000  0.00000000  0.00000000  0.00000000 -0.00500000  0.00500000   -456.574190399645
 -0.00500000 -0.00500000  0.00000000  0.00000000  0.00000000  0.00000000 -0.01000000   -456.574187091222
 -0.00500000 -0.00500000  0.00000000  0.00000000  0.00000000  0.00000000  0.00000000   -456.574192399872
 -0.00500000 -0.00500000  0.00000000  0.00000000  0.00000000  0.00000000  0.01000000   -456.574187091345
 -0.00500000 -0.00500000  0.00000000  0.00000000  0.00000000  0.00500000 -0.00500000   -456.574190399029
 -0.00500000 -0.00500000  0.00000000  0.00000000  0.00000000  0.00500000  0.00500000   -456.574190521793
 -0.00500000 -0.00500000  0.00000000  0.00000000  0.00000000  0.01000000  0.00000000   -456.574189951747
 -0.00500000 -0.00500000  0.00000000  0.00000000  0.01000000  0.00000000  0.00000000   -456.574187091548
 -0.00500000 -0.00500000  0.00000000  0.00500000 -0.00500000  0.00000000  0.00000000   -456.574190399716
 -0.00500000 -0.00500000  0.00000000  0.00500000  0.00500000  0.00000000  0.00000000   -456.574190521483
 -0.00500000 -0.00500000  0.00000000  0.01000000  0.00000000  0.00000000  0.00000000   -456.574189952036
 -0.00500000 -0.00500000  0.00500000  0.00000000  0.00000000  0.00000000  0.00000000   -456.574163740743
 -0.00500000 -0.00500000  0.01000000  0.00000000  0.00000000  0.00000000  0.00000000   -456.574092562492
 -0.00500000  0.00000000 -0.01500000  0.00000000  0.00000000  0.00000000  0.00000000   -456.574042512084
 -0.00500000  0.00000000 -0.01000000  0.00000000  0.00000000  0.00000000  0.00000000   -456.574144507089
 -0.00500000  0.00000000 -0.00500000 -0.01000000  0.00000000  0.00000000  0.00000000   -456.574198009071
 -0.00500000  0.00000000 -0.00500000 -0.00500000 -0.00500000  0.00000000  0.00000000   -456.574198551517
 -0.00500000  0.00000000 -0.00500000 -0.00500000  0.00500000  0.00000000  0.00000000   -456.574198434593
 -0.00500000  0.00000000 -0.00500000  0.00000000 -0.01000000  0.00000000  0.00000000   -456.574195110152
 -0.00500000  0.00000000 -0.00500000  0.00000000  0.00000000 -0.01000000  0.00000000   -456.574198008984
 -0.00500000  0.00000000 -0.00500000  0.00000000  0.00000000 -0.00500000 -0.00500000   -456.574198551568
 -0.00500000  0.00000000 -0.00500000  0.00000000  0.00000000 -0.00500000  0.00500000   -456.574198434950
 -0.00500000  0.00000000 -0.00500000  0.00000000  0.00000000  0.00000000 -0.01000000   -456.574195110536
 -0.00500000  0.00000000 -0.00500000  0.00000000  0.00000000  0.00000000  0.00000000   -456.574200427846
 -0.00500000  0.00000000 -0.00500000  0.00000000  0.00000000  0.00000000  0.01000000   -456.574195110274
 -0.00500000  0.00000000 -0.00500000  0.00000000  0.00000000  0.00500000 -0.00500000   -456.574198434105
 -0.00500000  0.00000000 -0.00500000  0.00000000  0.00000000  0.00500000  0.00500000   -456.574198551970
 -0.00500000  0.00000000 -0.00500000  0.00000000  0.00000000  0.01000000  0.00000000   -456.574198008547
 -0.00500000  0.00000000 -0.00500000  0.00000000  0.01000000  0.00000000  0.00000000   -456.574195110121
 -0.00500000  0.00000000 -0.00500000  0.00500000 -0.00500000  0.00000000  0.00000000   -456.574198434656
 -0.00500000  0.00000000 -0.00500000  0.00500000  0.00500000  0.00000000  0.00000000   -456.574198552193
 -0.00500000  0.00000000 -0.00500000  0.01000000  0.00000000  0.00000000  0.00000000   -456.574198008432
 -0.00500000  0.00000000  0.00000000 -0.01000000  0.00000000  0.00000000  0.00000000   -456.574209071292
 -0.00500000  0.00000000  0.00000000 -0.00500000 -0.00500000  0.00000000  0.00000000   -456.574209624611
 -0.00500000  0.00000000  0.00000000 -0.00500000  0.00500000  0.00000000  0.00000000   -456.574209504406
 -0.00500000  0.00000000  0.00000000  0.00000000 -0.01000000  0.00000000  0.00000000   -456.574206208891
 -0.00500000  0.00000000  0.00000000  0.00000000  0.00000000 -0.01000000  0.00000000   -456.574209071079
 -0.00500000  0.00000000  0.00000000  0.00000000  0.00000000 -0.00500000 -0.00500000   -456.574209624679
 -0.00500000  0.00000000  0.00000000  0.00000000  0.00000000 -0.00500000  0.00500000   -456.574209504998
 -0.00500000  0.00000000  0.00000000  0.00000000  0.00000000  0.00000000 -0.01000000   -456.574206208751
 -0.00500000  0.00000000  0.00000000  0.00000000  0.00000000  0.00000000  0.00000000   -456.574211489677
 -0.00500000  0.00000000  0.00000000  0.00000000  0.00000000  0.00000000  0.01000000   -456.574206208823
 -0.00500000  0.00000000  0.00000000  0.00000000  0.00000000  0.00500000 -0.00500000   -456.574209503437
 -0.00500000  0.00000000  0.00000000  0.00000000  0.00000000  0.00500000  0.00500000   -456.574209624883
 -0.00500000  0.00000000  0.00000000  0.00000000  0.00000000  0.01000000  0.00000000   -456.574209070117
 -0.00500000  0.00000000  0.00000000  0.00000000  0.01000000  0.00000000  0.00000000   -456.574206209036
 -0.00500000  0.00000000  0.00000000  0.00500000 -0.00500000  0.00000000  0.00000000   -456.574209503725
 -0.00500000  0.00000000  0.00000000  0.00500000  0.00500000  0.00000000  0.00000000   -456.574209624564
 -0.00500000  0.00000000  0.00000000  0.01000000  0.00000000  0.00000000  0.00000000   -456.574209070131
 -0.00500000  0.00000000  0.00500000 -0.01000000  0.00000000  0.00000000  0.00000000   -456.574176469325
 -0.00500000  0.00000000  0.00500000 -0.00500000 -0.00500000  0.00000000  0.00000000   -456.574177034401
 -0.00500000  0.00000000  0.00500000 -0.00500000  0.00500000  0.00000000  0.00000000   -456.574176911584
 -0.00500000  0.00000000  0.00500000  0.00000000 -0.01000000  0.00000000  0.00000000   -456.574173644088
 -0.00500000  0.00000000  0.00500000  0.00000000  0.00000000 -0.01000000  0.00000000   -456.574176469421
 -0.00500000  0.00000000  0.00500000  0.00000000  0.00000000 -0.00500000 -0.00500000   -456.574177035028
 -0.00500000  0.00000000  0.00500000  0.00000000  0.00000000 -0.00500000  0.00500000   -456.574176911659
 -0.00500000  0.00000000  0.00500000  0.00000000  0.00000000  0.00000000 -0.01000000   -456.574173644203
 -0.00500000  0.00000000  0.00500000  0.00000000  0.00000000  0.00000000  0.00000000   -456.574178888840
 -0.00500000  0.00000000  0.00500000  0.00000000  0.00000000  0.00000000  0.01000000   -456.574173646218
 -0.00500000  0.00000000  0.00500000  0.00000000  0.00000000  0.00500000 -0.00500000   -456.574176912566
 -0.00500000  0.00000000  0.00500000  0.00000000  0.00000000  0.00500000  0.00500000   -456.574177034371
 -0.00500000  0.00000000  0.00500000  0.00000000  0.00000000  0.01000000  0.00000000   -456.574176469335
 -0.00500000  0.00000000  0.00500000  0.00000000  0.01000000  0.00000000  0.00000000   -456.574173645961
 -0.00500000  0.00000000  0.00500000  0.00500000 -0.00500000  0.00000000  0.00000000   -456.574176911526
 -0.00500000  0.00000000  0.00500000  0.00500000  0.00500000  0.00000000  0.00000000   -456.574177034481
 -0.00500000  0.00000000  0.00500000  0.01000000  0.00000000  0.00000000  0.00000000   -456.574176468737
 -0.00500000  0.00000000  0.01000000  0.00000000  0.00000000  0.00000000  0.00000000   -456.574103795067
 -0.00500000  0.00000000  0.01500000  0.00000000  0.00000000  0.00000000  0.00000000   -456.573987349844
 -0.00500000  0.00500000 -0.01000000  0.00000000  0.00000000  0.00000000  0.00000000   -456.574127350859
 -0.00500000  0.00500000 -0.00500000  0.00000000  0.00000000  0.00000000  0.00000000   -456.574179330637
 -0.00500000  0.00500000  0.00000000 -0.01000000  0.00000000  0.00000000  0.00000000   -456.574184088490
 -0.00500000  0.00500000  0.00000000 -0.00500000 -0.00500000  0.00000000  0.00000000   -456.574184626738
 -0.00500000  0.00500000  0.00000000 -0.00500000  0.00500000  0.00000000  0.00000000   -456.574184507743
 -0.00500000  0.00500000  0.00000000  0.00000000 -0.01000000  0.00000000  0.00000000   -456.574181226344
 -0.00500000  0.00500000  0.00000000  0.00000000  0.00000000 -0.01000000  0.00000000   -456.574184088039
 -0.00500000  0.00500000  0.00000000  0.00000000  0.00000000 -0.00500000 -0.00500000   -456.574184626215
 -0.00500000  0.00500000  0.00000000  0.00000000  0.00000000 -0.00500000  0.00500000   -456.574184507418
 -0.00500000  0.00500000  0.00000000  0.00000000  0.00000000  0.00000000 -0.01000000   -456.574181226412
 -0.00500000  0.00500000  0.00000000  0.00000000  0.00000000  0.00000000  0.00000000   -456.574186477644
 -0.00500000  0.00500000  0.00000000  0.00000000  0.00000000  0.00000000  0.01000000   -456.574181226443
 -0.00500000  0.00500000  0.00000000  0.00000000  0.00000000  0.00500000 -0.00500000   -456.574184508057
 -0.00500000  0.00500000  0.00000000  0.00000000  0.00000000  0.00500000  0.00500000   -456.574184627691
 -0.00500000  0.00500000  0.00000000  0.00000000  0.00000000  0.01000000  0.00000000   -456.574184088116
 -0.00500000  0.00500000  0.00000000  0.00000000  0.01000000  0.00000000  0.00000000   -456.574181226208
 -0.00500000  0.00500000  0.00000000  0.00500000 -0.00500000  0.00000000  0.00000000   -456.574184507747
 -0.00500000  0.00500000  0.00000000  0.00500000  0.00500000  0.00000000  0.00000000   -456.574184627224
 -0.00500000  0.00500000  0.00000000  0.01000000  0.00000000  0.00000000  0.00000000   -456.574184088691
 -0.00500000  0.00500000  0.00500000  0.00000000  0.00000000  0.00000000  0.00000000   -456.574149987595
 -0.00500000  0.00500000  0.01000000  0.00000000  0.00000000  0.00000000  0.00000000   -456.574071025923
 -0.00500000  0.01000000 -0.00500000  0.00000000  0.00000000  0.00000000  0.00000000   -456.574115362540
 -0.00500000  0.01000000  0.00000000  0.00000000  0.00000000  0.00000000  0.00000000   -456.574118644010
 -0.00500000  0.01000000  0.00500000  0.00000000  0.00000000  0.00000000  0.00000000   -456.574078310872
 -0.00500000  0.01500000  0.00000000  0.00000000  0.00000000  0.00000000  0.00000000   -456.574009234357
  0.00000000 -0.02000000  0.00000000  0.00000000  0.00000000  0.00000000  0.00000000   -456.573890238398
  0.00000000 -0.01500000 -0.00500000  0.00000000  0.00000000  0.00000000  0.00000000   -456.574020604662
  0.00000000 -0.01500000  0.00000000  0.00000000  0.00000000  0.00000000  0.00000000   -456.574045957545
  0.00000000 -0.01500000  0.00500000  0.00000000  0.00000000  0.00000000  0.00000000   -456.574027576244
  0.00000000 -0.01000000 -0.01000000  0.00000000  0.00000000  0.00000000  0.00000000   -456.574066183495
  0.00000000 -0.01000000 -0.00500000  0.00000000  0.00000000  0.00000000  0.00000000   -456.574132353420
  0.00000000 -0.01000000  0.00000000 -0.01000000  0.00000000  0.00000000  0.00000000   -456.574151166942
  0.00000000 -0.01000000  0.00000000 -0.00500000 -0.00500000  0.00000000  0.00000000   -456.574151737432
  0.00000000 -0.01000000  0.00000000 -0.00500000  0.00500000  0.00000000  0.00000000   -456.574151609581
  0.00000000 -0.01000000  0.00000000  0.00000000 -0.01000000  0.00000000  0.00000000   -456.574148285931
  0.00000000 -0.01000000  0.00000000  0.00000000  0.00000000 -0.01000000  0.00000000   -456.574151166672
  0.00000000 -0.01000000  0.00000000  0.00000000  0.00000000 -0.00500000 -0.00500000   -456.574151736970
  0.00000000 -0.01000000  0.00000000  0.00000000  0.00000000 -0.00500000  0.00500000   -456.574151609067
  0.00000000 -0.01000000  0.00000000  0.00000000  0.00000000  0.00000000 -0.01000000   -456.574148286500
  0.00000000 -0.01000000  0.00000000  0.00000000  0.00000000  0.00000000  0.00000000   -456.574153620062
  0.00000000 -0.01000000  0.00000000  0.00000000  0.00000000  0.00000000  0.01000000   -456.574148285054
  0.00000000 -0.01000000  0.00000000  0.00000000  0.00000000  0.00500000 -0.00500000   -456.574151608550
  0.00000000 -0.01000000  0.00000000  0.00000000  0.00000000  0.00500000  0.00500000   -456.574151736079
  0.00000000 -0.01000000  0.00000000  0.00000000  0.00000000  0.01000000  0.00000000   -456.574151167596
  0.00000000 -0.01000000  0.00000000  0.00000000  0.01000000  0.00000000  0.00000000   -456.574148284930
  0.00000000 -0.01000000  0.00000000  0.00500000 -0.00500000  0.00000000  0.00000000   -456.574151608731
  0.00000000 -0.01000000  0.00000000  0.00500000  0.00500000  0.00000000  0.00000000   -456.574151736858
  0.00000000 -0.01000000  0.00000000  0.01000000  0.00000000  0.00000000  0.00000000   -456.574151167631
  0.00000000 -0.01000000  0.00500000  0.00000000  0.00000000  0.00000000  0.00000000   -456.574131175558
  0.00000000 -0.01000000  0.01000000  0.00000000  0.00000000  0.00000000  0.00000000   -456.574066190473
  0.00000000 -0.00500000 -0.01500000  0.00000000  0.00000000  0.00000000  0.00000000   -456.574027055143
  0.00000000 -0.00500000 -0.01000000  0.00000000  0.00000000  0.00000000  0.00000000   -456.574135261673
  0.00000000 -0.00500000 -0.00500000 -0.01000000  0.00000000  0.00000000  0.00000000   -456.574194947566
  0.00000000 -0.00500000 -0.00500000 -0.00500000 -0.00500000  0.00000000  0.00000000   -456.574195489996
  0.00000000 -0.00500000 -0.00500000 -0.00500000  0.00500000  0.00000000  0.00000000   -456.574195366069
  0.00000000 -0.00500000 -0.00500000  0.00000000 -0.01000000  0.00000000  0.00000000   -456.574192026881
  0.00000000 -0.00500000 -0.00500000  0.00000000  0.00000000 -0.01000000  0.00000000   -456.574194947621
  0.00000000 -0.00500000 -0.00500000  0.00000000  0.00000000 -0.00500000 -0.00500000   -456.574195489641
  0.00000000 -0.00500000 -0.00500000  0.00000000  0.00000000 -0.00500000  0.00500000   -456.574195366512
  0.00000000 -0.00500000 -0.00500000  0.00000000  0.00000000  0.00000000 -0.01000000   -456.574192026262
  0.00000000 -0.00500000 -0.00500000  0.00000000  0.00000000  0.00000000  0.00000000   -456.574197369600
  0.00000000 -0.00500000 -0.00500000  0.00000000  0.00000000  0.00000000  0.01000000   -456.574192026788
  0.00000000 -0.00500000 -0.00500000  0.00000000  0.00000000  0.00500000 -0.00500000   -456.574195365648
  0.00000000 -0.00500000 -0.00500000  0.00000000  0.00000000  0.00500000  0.00500000   -456.574195490761
  0.00000000 -0.00500000 -0.00500000  0.00000000  0.00000000  0.01000000  0.00000000   -456.574194948263
  0.00000000 -0.00500000 -0.00500000  0.00000000  0.01000000  0.00000000  0.00000000   -456.574192026958
  0.00000000 -0.00500000 -0.00500000  0.00500000 -0.00500000  0.00000000  0.00000000   -456.574195365088
  0.00000000 -0.00500000 -0.00500000  0.00500000  0.00500000  0.00000000  0.00000000   -456.574195490871
  0.00000000 -0.00500000 -0.00500000  0.01000000  0.00000000  0.00000000  0.00000000   -456.574194948173
  0.00000000 -0.00500000  0.00000000 -0.01000000  0.00000000  0.00000000  0.00000000   -456.574212175030
  0.00000000 -0.00500000  0.00000000 -0.00500000 -0.00500000  0.00000000  0.00000000   -456.574212728435
  0.00000000 -0.00500000  0.00000000 -0.00500000  0.00500000  0.00000000  0.00000000   -456.574212603237
  0.00000000 -0.00500000  0.00000000  0.00000000 -0.01000000  0.00000000  0.00000000   -456.574209292732
  0.00000000 -0.00500000  0.00000000  0.00000000  0.00000000 -0.01000000  0.00000000   -456.574212175767
  0.00000000 -0.00500000  0.00000000  0.00000000  0.00000000 -0.00500000 -0.00500000   -456.574212728460
  0.00000000 -0.00500000  0.00000000  0.00000000  0.00000000 -0.00500000  0.00500000   -456.574212603332
  0.00000000 -0.00500000  0.00000000  0.00000000  0.00000000  0.00000000 -0.01000000   -456.574209292822
  0.00000000 -0.00500000  0.00000000  0.00000000  0.00000000  0.00000000  0.00000000   -456.574214598361
  0.00000000 -0.00500000  0.00000000  0.00000000  0.00000000  0.00000000  0.01000000   -456.574209291976
  0.00000000 -0.00500000  0.00000000  0.00000000  0.00000000  0.00500000 -0.00500000   -456.574212602460
  0.00000000 -0.00500000  0.00000000  0.00000000  0.00000000  0.00500000  0.00500000   -456.574212728837
  0.00000000 -0.00500000  0.00000000  0.00000000  0.00000000  0.01000000  0.00000000   -456.574212175564
  0.00000000 -0.00500000  0.00000000  0.00000000  0.01000000  0.00000000  0.00000000   -456.574209293240
  0.00000000 -0.00500000  0.00000000  0.00500000 -0.00500000  0.00000000  0.00000000   -456.574212602824
  0.00000000 -0.00500000  0.00000000  0.00500000  0.00500000  0.00000000  0.00000000   -456.574212728783
  0.00000000 -0.00500000  0.00000000  0.01000000  0.00000000  0.00000000  0.00000000   -456.574212175865
  0.00000000 -0.00500000  0.00500000 -0.01000000  0.00000000  0.00000000  0.00000000   -456.574185718096
  0.00000000 -0.00500000  0.00500000 -0.00500000 -0.00500000  0.00000000  0.00000000   -456.574186284677
  0.00000000 -0.00500000  0.00500000 -0.00500000  0.00500000  0.00000000  0.00000000   -456.574186154705
  0.00000000 -0.00500000  0.00500000  0.00000000 -0.01000000  0.00000000  0.00000000   -456.574182872160
  0.00000000 -0.00500000  0.00500000  0.00000000  0.00000000 -0.01000000  0.00000000   -456.574185719213
  0.00000000 -0.00500000  0.00500000  0.00000000  0.00000000 -0.00500000 -0.00500000   -456.574186284134
  0.00000000 -0.00500000  0.00500000  0.00000000  0.00000000 -0.00500000  0.00500000   -456.574186154106
  0.00000000 -0.00500000  0.00500000  0.00000000  0.00000000  0.00000000 -0.01000000   -456.574182872789
  0.00000000 -0.00500000  0.00500000  0.00000000  0.00000000  0.00000000  0.00000000   -456.574188142449
  0.00000000 -0.00500000  0.00500000  0.00000000  0.00000000  0.00000000  0.01000000   -456.574182872653
  0.00000000 -0.00500000  0.00500000  0.00000000  0.00000000  0.00500000 -0.00500000   -456.574186153426
  0.00000000 -0.00500000  0.00500000  0.00000000  0.00000000  0.00500000  0.00500000   -456.574186284368
  0.00000000 -0.00500000  0.00500000  0.00000000  0.00000000  0.01000000  0.00000000   -456.574185719698
  0.00000000 -0.00500000  0.00500000  0.00000000  0.01000000  0.00000000  0.00000000   -456.574182872877
  0.00000000 -0.00500000  0.00500000  0.00500000 -0.00500000  0.00000000  0.00000000   -456.574186153792
  0.00000000 -0.00500000  0.00500000  0.00500000  0.00500000  0.00000000  0.00000000   -456.574186284352
  0.00000000 -0.00500000  0.00500000  0.01000000  0.00000000  0.00000000  0.00000000   -456.574185718997
  0.00000000 -0.00500000  0.01000000  0.00000000  0.00000000  0.00000000  0.00000000   -456.574119169860
  0.00000000 -0.00500000  0.01500000  0.00000000  0.00000000  0.00000000  0.00000000   -456.574008821312
  0.00000000  0.00000000 -0.02000000  0.00000000  0.00000000  0.00000000  0.00000000   -456.573903237055
  0.00000000  0.00000000 -0.01500000  0.00000000  0.00000000  0.00000000  0.00000000   -456.574054727628
  0.00000000  0.00000000 -0.01000000 -0.01000000  0.00000000  0.00000000  0.00000000   -456.574156507692
  0.00000000  0.00000000 -0.01000000 -0.00500000 -0.00500000  0.00000000  0.00000000   -456.574157022481
  0.00000000  0.00000000 -0.01000000 -0.00500000  0.00500000  0.00000000  0.00000000   -456.574156902916
  0.00000000  0.00000000 -0.01000000  0.00000000 -0.01000000  0.00000000  0.00000000   -456.574153548451
  0.00000000  0.00000000 -0.01000000  0.00000000  0.00000000 -0.01000000  0.00000000   -456.574156507243
  0.00000000  0.00000000 -0.01000000  0.00000000  0.00000000 -0.00500000 -0.00500000   -456.574157022364
  0.00000000  0.00000000 -0.01000000  0.00000000  0.00000000 -0.00500000  0.00500000   -456.574156903243
  0.00000000  0.00000000 -0.01000000  0.00000000  0.00000000  0.00000000 -0.01000000   -456.574153548452
  0.00000000  0.00000000 -0.01000000  0.00000000  0.00000000  0.00000000  0.00000000   -456.574158898288
  0.00000000  0.00000000 -0.01000000  0.00000000  0.00000000  0.00000000  0.01000000   -456.574153548493
  0.00000000  0.00000000 -0.01000000  0.00000000  0.00000000  0.00500000 -0.00500000   -456.574156902685
  0.00000000  0.00000000 -0.01000000  0.00000000  0.00000000  0.00500000  0.00500000   -456.574157023055
  0.00000000  0.00000000 -0.01000000  0.00000000  0.00000000  0.01000000  0.00000000   -456.574156506968
  0.00000000  0.00000000 -0.01000000  0.00000000  0.01000000  0.00000000  0.00000000   -456.574153548226
  0.00000000  0.00000000 -0.01000000  0.00500000 -0.00500000  0.00000000  0.00000000   -456.574156902633
  0.00000000  0.00000000 -0.01000000  0.00500000  0.00500000  0.00000000  0.00000000   -456.574157022876
  0.00000000  0.00000000 -0.01000000  0.01000000  0.00000000  0.00000000  0.00000000   -456.574156506527
  0.00000000  0.00000000 -0.00500000 -0.01000000  0.00000000  0.00000000  0.00000000   -456.574214602120
  0.00000000  0.00000000 -0.00500000 -0.00500000 -0.00500000  0.00000000  0.00000000   -456.574215129024
  0.00000000  0.00000000 -0.00500000 -0.00500000  0.00500000  0.00000000  0.00000000   -456.574215006396
  0.00000000  0.00000000 -0.00500000  0.00000000 -0.01000000  0.00000000  0.00000000   -456.574211680726
  0.00000000  0.00000000 -0.00500000  0.00000000  0.00000000 -0.01000000  0.00000000   -456.574214601703
  0.00000000  0.00000000 -0.00500000  0.00000000  0.00000000 -0.00500000 -0.00500000   -456.574215129502
  0.00000000  0.00000000 -0.00500000  0.00000000  0.00000000 -0.00500000  0.00500000   -456.574215006352
  0.00000000  0.00000000 -0.00500000  0.00000000  0.00000000  0.00000000 -0.01000000   -456.574211681299
  0.00000000  0.00000000 -0.00500000  0.00000000  0.00000000  0.00000000  0.00000000   -456.574216995030
  0.00000000  0.00000000 -0.00500000  0.00000000  0.00000000  0.00000000  0.01000000   -456.574211680847
  0.00000000  0.00000000 -0.00500000  0.00000000  0.00000000  0.00500000 -0.00500000   -456.574215007541
  0.00000000  0.00000000 -0.00500000  0.00000000  0.00000000  0.00500000  0.00500000   -456.574215128916
  0.00000000  0.00000000 -0.00500000  0.00000000  0.00000000  0.01000000  0.00000000   -456.574214602929
  0.00000000  0.00000000 -0.00500000  0.00000000  0.01000000  0.00000000  0.00000000   -456.574211680372
  0.00000000  0.00000000 -0.00500000  0.00500000 -0.00500000  0.00000000  0.00000000   -456.574215007104
  0.00000000  0.00000000 -0.00500000  0.00500000  0.00500000  0.00000000  0.00000000   -456.574215128821
  0.00000000  0.00000000 -0.00500000  0.01000000  0.00000000  0.00000000  0.00000000   -456.574214602631
  0.00000000  0.00000000  0.00000000 -0.02000000  0.00000000  0.00000000  0.00000000   -456.574220662551
  0.00000000  0.00000000  0.00000000 -0.01500000 -0.00500000  0.00000000  0.00000000   -456.574223719233
  0.00000000  0.00000000  0.00000000 -0.01500000  0.00500000  0.00000000  0.00000000   -456.574223343889
  0.00000000  0.00000000  0.00000000 -0.01000000 -0.01000000  0.00000000  0.00000000   -456.574222815689
  0.00000000  0.00000000  0.00000000 -0.01000000  0.00000000 -0.01000000  0.00000000   -456.574225448897
  0.00000000  0.00000000  0.00000000 -0.01000000  0.00000000 -0.00500000 -0.00500000   -456.574225988100
  0.00000000  0.00000000  0.00000000 -0.01000000  0.00000000 -0.00500000  0.00500000   -456.574225862230
  0.00000000  0.00000000  0.00000000 -0.01000000  0.00000000  0.00000000 -0.01000000   -456.574222564948
  0.00000000  0.00000000  0.00000000 -0.01000000  0.00000000  0.00000000  0.00000000   -456.574227843168
  0.00000000  0.00000000  0.00000000 -0.01000000  0.00000000  0.00000000  0.01000000   -456.574222565032
  0.00000000  0.00000000  0.00000000 -0.01000000  0.00000000  0.00500000 -0.00500000   -456.574225861515
  0.00000000  0.00000000  0.00000000 -0.01000000  0.00000000  0.00500000  0.00500000   -456.574225988162
  0.00000000  0.00000000  0.00000000 -0.01000000  0.00000000  0.01000000  0.00000000   -456.574225448216
  0.00000000  0.00000000  0.00000000 -0.01000000  0.01000000  0.00000000  0.00000000   -456.574222313308
  0.00000000  0.00000000  0.00000000 -0.00500000 -0.01500000  0.00000000  0.00000000   -456.574217951232
  0.00000000  0.00000000  0.00000000 -0.00500000 -0.00500000 -0.01000000  0.00000000   -456.574225987036
  0.00000000  0.00000000  0.00000000 -0.00500000 -0.00500000 -0.00500000 -0.00500000   -456.574226526041
  0.00000000  0.00000000  0.00000000 -0.00500000 -0.00500000 -0.00500000  0.00500000   -456.574226401821
  0.00000000  0.00000000  0.00000000 -0.00500000 -0.00500000  0.00000000 -0.01000000   -456.574223102927
  0.00000000  0.00000000  0.00000000 -0.00500000 -0.00500000  0.00000000  0.00000000   -456.574228380995
  0.00000000  0.00000000  0.00000000 -0.00500000 -0.00500000  0.00000000  0.01000000   -456.574223102072
  0.00000000  0.00000000  0.00000000 -0.00500000 -0.00500000  0.00500000 -0.00500000   -456.574226401316
  0.00000000  0.00000000  0.00000000 -0.00500000 -0.00500000  0.00500000  0.00500000   -456.574226526666
  0.00000000  0.00000000  0.00000000 -0.00500000 -0.00500000  0.01000000  0.00000000   -456.574225987729
  0.00000000  0.00000000  0.00000000 -0.00500000  0.00500000 -0.01000000  0.00000000   -456.574225861564
  0.00000000  0.00000000  0.00000000 -0.00500000  0.00500000 -0.00500000 -0.00500000   -456.574226400762
  0.00000000  0.00000000  0.00000000 -0.00500000  0.00500000 -0.00500000  0.00500000   -456.574226275440
  0.00000000  0.00000000  0.00000000 -0.00500000  0.00500000  0.00000000 -0.01000000   -456.574222977523
  0.00000000  0.00000000  0.00000000 -0.00500000  0.00500000  0.00000000  0.00000000   -456.574228256009
  0.00000000  0.00000000  0.00000000 -0.00500000  0.00500000  0.00000000  0.01000000   -456.574222979042
  0.00000000  0.00000000  0.00000000 -0.00500000  0.00500000  0.00500000 -0.00500000   -456.574226274603
  0.00000000  0.00000000  0.00000000 -0.00500000  0.00500000  0.00500000  0.00500000   -456.574226402021
  0.00000000  0.00000000  0.00000000 -0.00500000  0.00500000  0.01000000  0.00000000   -456.574225860538
  0.00000000  0.00000000  0.00000000 -0.00500000  0.01500000  0.00000000  0.00000000   -456.574217574116
  0.00000000  0.00000000  0.00000000  0.00000000 -0.02000000  0.00000000  0.00000000   -456.574209125549
  0.00000000  0.00000000  0.00000000  0.00000000 -0.01000000 -0.01000000  0.00000000   -456.574222564198
  0.00000000  0.00000000  0.00000000  0.00000000 -0.01000000 -0.00500000 -0.00500000   -456.574223103381
  0.00000000  0.00000000  0.00000000  0.00000000 -0.01000000 -0.00500000  0.00500000   -456.574222979564
  0.00000000  0.00000000  0.00000000  0.00000000 -0.01000000  0.00000000 -0.01000000   -456.574219680211
  0.00000000  0.00000000  0.00000000  0.00000000 -0.01000000  0.00000000  0.00000000   -456.574224957401
  0.00000000  0.00000000  0.00000000  0.00000000 -0.01000000  0.00000000  0.01000000   -456.574219680461
  0.00000000  0.00000000  0.00000000  0.00000000 -0.01000000  0.00500000 -0.00500000   -456.574222979165
  0.00000000  0.00000000  0.00000000  0.00000000 -0.01000000  0.00500000  0.00500000   -456.574223103838
  0.00000000  0.00000000  0.00000000  0.00000000 -0.01000000  0.01000000  0.00000000   -456.574222564753
  0.00000000  0.00000000  0.00000000  0.00000000  0.00000000 -0.02000000  0.00000000   -456.574220662061
  0.00000000  0.00000000  0.00000000  0.00000000  0.00000000 -0.01500000 -0.00500000   -456.574223719005
  0.00000000  0.00000000  0.00000000  0.00000000  0.00000000 -0.01500000  0.00500000   -456.574223344025
  0.00000000  0.00000000  0.00000000  0.00000000  0.00000000 -0.01000000 -0.01000000   -456.574222815547
  0.00000000  0.00000000  0.00000000  0.00000000  0.00000000 -0.01000000  0.00000000   -456.574227843144
  0.00000000  0.00000000  0.00000000  0.00000000  0.00000000 -0.01000000  0.01000000   -456.574222313281
  0.00000000  0.00000000  0.00000000  0.00000000  0.00000000 -0.00500000 -0.01500000   -456.574217951654
  0.00000000  0.00000000  0.00000000  0.00000000  0.00000000 -0.00500000 -0.00500000   -456.574228381231
  0.00000000  0.00000000  0.00000000  0.00000000  0.00000000 -0.00500000  0.00500000   -456.574228256275
  0.00000000  0.00000000  0.00000000  0.00000000  0.00000000 -0.00500000  0.01500000   -456.574217573932
  0.00000000  0.00000000  0.00000000  0.00000000  0.00000000  0.00000000 -0.02000000   -456.574209125845
  0.00000000  0.00000000  0.00000000  0.00000000  0.00000000  0.00000000 -0.01000000   -456.574224957415
  0.00000000  0.00000000  0.00000000  0.00000000  0.00000000  0.00000000  0.01000000   -456.574224958077
  0.00000000  0.00000000  0.00000000  0.00000000  0.00000000  0.00000000  0.02000000   -456.574209124420
  0.00000000  0.00000000  0.00000000  0.00000000  0.00000000  0.00500000 -0.01500000   -456.574217573945
  0.00000000  0.00000000  0.00000000  0.00000000  0.00000000  0.00500000 -0.00500000   -456.574228255913
  0.00000000  0.00000000  0.00000000  0.00000000  0.00000000  0.00500000  0.00500000   -456.574228382515
  0.00000000  0.00000000  0.00000000  0.00000000  0.00000000  0.00500000  0.01500000   -456.574217951433
  0.00000000  0.00000000  0.00000000  0.00000000  0.00000000  0.01000000 -0.01000000   -456.574222314410
  0.00000000  0.00000000  0.00000000  0.00000000  0.00000000  0.01000000  0.00000000   -456.574227843108
  0.00000000  0.00000000  0.00000000  0.00000000  0.00000000  0.01000000  0.01000000   -456.574222815839
  0.00000000  0.00000000  0.00000000  0.00000000  0.00000000  0.01500000 -0.00500000   -456.574223342530
  0.00000000  0.00000000  0.00000000  0.00000000  0.00000000  0.01500000  0.00500000   -456.574223720155
  0.00000000  0.00000000  0.00000000  0.00000000  0.00000000  0.02000000  0.00000000   -456.574220662171
  0.00000000  0.00000000  0.00000000  0.00000000  0.01000000 -0.01000000  0.00000000   -456.574222565130
  0.00000000  0.00000000  0.00000000  0.00000000  0.01000000 -0.00500000 -0.00500000   -456.574223103208
  0.00000000  0.00000000  0.00000000  0.00000000  0.01000000 -0.00500000  0.00500000   -456.574222978633
  0.00000000  0.00000000  0.00000000  0.00000000  0.01000000  0.00000000 -0.01000000   -456.574219681361
  0.00000000  0.00000000  0.00000000  0.00000000  0.01000000  0.00000000  0.00000000   -456.574224957805
  0.00000000  0.00000000  0.00000000  0.00000000  0.01000000  0.00000000  0.01000000   -456.574219681285
  0.00000000  0.00000000  0.00000000  0.00000000  0.01000000  0.00500000 -0.00500000   -456.574222979852
  0.00000000  0.00000000  0.00000000  0.00000000  0.01000000  0.00500000  0.00500000   -456.574223102222
  0.00000000  0.00000000  0.00000000  0.00000000  0.01000000  0.01000000  0.00000000   -456.574222564427
  0.00000000  0.00000000  0.00000000  0.00000000  0.02000000  0.00000000  0.00000000   -456.574209123887
  0.00000000  0.00000000  0.00000000  0.00500000 -0.01500000  0.00000000  0.00000000   -456.574217573832
  0.00000000  0.00000000  0.00000000  0.00500000 -0.00500000 -0.01000000  0.00000000   -456.574225859862
  0.00000000  0.00000000  0.00000000  0.00500000 -0.00500000 -0.00500000 -0.00500000   -456.574226401751
  0.00000000  0.00000000  0.00000000  0.00500000 -0.00500000 -0.00500000  0.00500000   -456.574226275043
  0.00000000  0.00000000  0.00000000  0.00500000 -0.00500000  0.00000000 -0.01000000   -456.574222978715
  0.00000000  0.00000000  0.00000000  0.00500000 -0.00500000  0.00000000  0.00000000   -456.574228256560
  0.00000000  0.00000000  0.00000000  0.00500000 -0.00500000  0.00000000  0.01000000   -456.574222977772
  0.00000000  0.00000000  0.00000000  0.00500000 -0.00500000  0.00500000 -0.00500000   -456.574226274545
  0.00000000  0.00000000  0.00000000  0.00500000 -0.00500000  0.00500000  0.00500000   -456.574226401641
  0.00000000  0.00000000  0.00000000  0.00500000 -0.00500000  0.01000000  0.00000000   -456.574225860600
  0.00000000  0.00000000  0.00000000  0.00500000  0.00500000 -0.01000000  0.00000000   -456.574225987077
  0.00000000  0.00000000  0.00000000  0.00500000  0.00500000 -0.00500000 -0.00500000   -456.574226525799
  0.00000000  0.00000000  0.00000000  0.00500000  0.00500000 -0.00500000  0.00500000   -456.574226401561
  0.00000000  0.00000000  0.00000000  0.00500000  0.00500000  0.00000000 -0.01000000   -456.574223102215
  0.00000000  0.00000000  0.00000000  0.00500000  0.00500000  0.00000000  0.00000000   -456.574228381951
  0.00000000  0.00000000  0.00000000  0.00500000  0.00500000  0.00000000  0.01000000   -456.574223103057
  0.00000000  0.00000000  0.00000000  0.00500000  0.00500000  0.00500000 -0.00500000   -456.574226401265
  0.00000000  0.00000000  0.00000000  0.00500000  0.00500000  0.00500000  0.00500000   -456.574226526052
  0.00000000  0.00000000  0.00000000  0.00500000  0.00500000  0.01000000  0.00000000   -456.574225987263
  0.00000000  0.00000000  0.00000000  0.00500000  0.01500000  0.00000000  0.00000000   -456.574217951241
  0.00000000  0.00000000  0.00000000  0.01000000 -0.01000000  0.00000000  0.00000000   -456.574222314118
  0.00000000  0.00000000  0.00000000  0.01000000  0.00000000 -0.01000000  0.00000000   -456.574225449052
  0.00000000  0.00000000  0.00000000  0.01000000  0.00000000 -0.00500000 -0.00500000   -456.574225988301
  0.00000000  0.00000000  0.00000000  0.01000000  0.00000000 -0.00500000  0.00500000   -456.574225860808
  0.00000000  0.00000000  0.00000000  0.01000000  0.00000000  0.00000000 -0.01000000   -456.574222565072
  0.00000000  0.00000000  0.00000000  0.01000000  0.00000000  0.00000000  0.00000000   -456.574227842552
  0.00000000  0.00000000  0.00000000  0.01000000  0.00000000  0.00000000  0.01000000   -456.574222564836
  0.00000000  0.00000000  0.00000000  0.01000000  0.00000000  0.00500000 -0.00500000   -456.574225861109
  0.00000000  0.00000000  0.00000000  0.01000000  0.00000000  0.00500000  0.00500000   -456.574225989374
  0.00000000  0.00000000  0.00000000  0.01000000  0.00000000  0.01000000  0.00000000   -456.574225447805
  0.00000000  0.00000000  0.00000000  0.01000000  0.01000000  0.00000000  0.00000000   -456.574222815934
  0.00000000  0.00000000  0.00000000  0.01500000 -0.00500000  0.00000000  0.00000000   -456.574223342442
  0.00000000  0.00000000  0.00000000  0.01500000  0.00500000  0.00000000  0.00000000   -456.574223720228
  0.00000000  0.00000000  0.00000000  0.02000000  0.00000000  0.00000000  0.00000000   -456.574220662142
  0.00000000  0.00000000  0.00500000 -0.01000000  0.00000000  0.00000000  0.00000000   -456.574197424080
  0.00000000  0.00000000  0.00500000 -0.00500000 -0.00500000  0.00000000  0.00000000   -456.574197973288
  0.00000000  0.00000000  0.00500000 -0.00500000  0.00500000  0.00000000  0.00000000   -456.574197844752
  0.00000000  0.00000000  0.00500000  0.00000000 -0.01000000  0.00000000  0.00000000   -456.574194575551
  0.00000000  0.00000000  0.00500000  0.00000000  0.00000000 -0.01000000  0.00000000   -456.574197423840
  0.00000000  0.00000000  0.00500000  0.00000000  0.00000000 -0.00500000 -0.00500000   -456.574197973043
  0.00000000  0.00000000  0.00500000  0.00000000  0.00000000 -0.00500000  0.00500000   -456.574197844821
  0.00000000  0.00000000  0.00500000  0.00000000  0.00000000  0.00000000 -0.01000000   -456.574194576130
  0.00000000  0.00000000  0.00500000  0.00000000  0.00000000  0.00000000  0.00000000   -456.574199817957
  0.00000000  0.00000000  0.00500000  0.00000000  0.00000000  0.00000000  0.01000000   -456.574194576883
  0.00000000  0.00000000  0.00500000  0.00000000  0.00000000  0.00500000 -0.00500000   -456.574197844436
  0.00000000  0.00000000  0.00500000  0.00000000  0.00000000  0.00500000  0.00500000   -456.574197973745
  0.00000000  0.00000000  0.00500000  0.00000000  0.00000000  0.01000000  0.00000000   -456.574197422826
  0.00000000  0.00000000  0.00500000  0.00000000  0.01000000  0.00000000  0.00000000   -456.574194576225
  0.00000000  0.00000000  0.00500000  0.00500000 -0.00500000  0.00000000  0.00000000   -456.574197844753
  0.00000000  0.00000000  0.00500000  0.00500000  0.00500000  0.00000000  0.00000000   -456.574197973093
  0.00000000  0.00000000  0.00500000  0.01000000  0.00000000  0.00000000  0.00000000   -456.574197422941
  0.00000000  0.00000000  0.01000000 -0.01000000  0.00000000  0.00000000  0.00000000   -456.574124511436
  0.00000000  0.00000000  0.01000000 -0.00500000 -0.00500000  0.00000000  0.00000000   -456.574125071886
  0.00000000  0.00000000  0.01000000 -0.00500000  0.00500000  0.00000000  0.00000000   -456.574124940669
  0.00000000  0.00000000  0.01000000  0.00000000 -0.01000000  0.00000000  0.00000000   -456.574121700587
  0.00000000  0.00000000  0.01000000  0.00000000  0.00000000 -0.01000000  0.00000000   -456.574124510990
  0.00000000  0.00000000  0.01000000  0.00000000  0.00000000 -0.00500000 -0.00500000   -456.574125071596
  0.00000000  0.00000000  0.01000000  0.00000000  0.00000000 -0.00500000  0.00500000   -456.574124940418
  0.00000000  0.00000000  0.01000000  0.00000000  0.00000000  0.00000000 -0.01000000   -456.574121701526
  0.00000000  0.00000000  0.01000000  0.00000000  0.00000000  0.00000000  0.00000000   -456.574126907038
  0.00000000  0.00000000  0.01000000  0.00000000  0.00000000  0.00000000  0.01000000   -456.574121700937
  0.00000000  0.00000000  0.01000000  0.00000000  0.00000000  0.00500000 -0.00500000   -456.574124940893
  0.00000000  0.00000000  0.01000000  0.00000000  0.00000000  0.00500000  0.00500000   -456.574125072955
  0.00000000  0.00000000  0.01000000  0.00000000  0.00000000  0.01000000  0.00000000   -456.574124511596
  0.00000000  0.00000000  0.01000000  0.00000000  0.01000000  0.00000000  0.00000000   -456.574121700490
  0.00000000  0.00000000  0.01000000  0.00500000 -0.00500000  0.00000000  0.00000000   -456.574124941065
  0.00000000  0.00000000  0.01000000  0.00500000  0.00500000  0.00000000  0.00000000   -456.574125072314
  0.00000000  0.00000000  0.01000000  0.01000000  0.00000000  0.00000000  0.00000000   -456.574124511203
  0.00000000  0.00000000  0.01500000  0.00000000  0.00000000  0.00000000  0.00000000   -456.574012647364
  0.00000000  0.00000000  0.02000000  0.00000000  0.00000000  0.00000000  0.00000000   -456.573858156615
  0.00000000  0.00500000 -0.01500000  0.00000000  0.00000000  0.00000000  0.00000000   -456.574038218600
  0.00000000  0.00500000 -0.01000000  0.00000000  0.00000000  0.00000000  0.00000000   -456.574138401955
  0.00000000  0.00500000 -0.00500000 -0.01000000  0.00000000  0.00000000  0.00000000   -456.574190175025
  0.00000000  0.00500000 -0.00500000 -0.00500000 -0.00500000  0.00000000  0.00000000   -456.574190686353
  0.00000000  0.00500000 -0.00500000 -0.00500000  0.00500000  0.00000000  0.00000000   -456.574190564561
  0.00000000  0.00500000 -0.00500000  0.00000000 -0.01000000  0.00000000  0.00000000   -456.574187252322
  0.00000000  0.00500000 -0.00500000  0.00000000  0.00000000 -0.01000000  0.00000000   -456.574190174982
  0.00000000  0.00500000 -0.00500000  0.00000000  0.00000000 -0.00500000 -0.00500000   -456.574190686839
  0.00000000  0.00500000 -0.00500000  0.00000000  0.00000000 -0.00500000  0.00500000   -456.574190565091
  0.00000000  0.00500000 -0.00500000  0.00000000  0.00000000  0.00000000 -0.01000000   -456.574187252696
  0.00000000  0.00500000 -0.00500000  0.00000000  0.00000000  0.00000000  0.00000000   -456.574192537187
  0.00000000  0.00500000 -0.00500000  0.00000000  0.00000000  0.00000000  0.01000000   -456.574187253008
  0.00000000  0.00500000 -0.00500000  0.00000000  0.00000000  0.00500000 -0.00500000   -456.574190565878
  0.00000000  0.00500000 -0.00500000  0.00000000  0.00000000  0.00500000  0.00500000   -456.574190685585
  0.00000000  0.00500000 -0.00500000  0.00000000  0.00000000  0.01000000  0.00000000   -456.574190173675
  0.00000000  0.00500000 -0.00500000  0.00000000  0.01000000  0.00000000  0.00000000   -456.574187253088
  0.00000000  0.00500000 -0.00500000  0.00500000 -0.00500000  0.00000000  0.00000000   -456.574190565578
  0.00000000  0.00500000 -0.00500000  0.00500000  0.00500000  0.00000000  0.00000000   -456.574190686181
  0.00000000  0.00500000 -0.00500000  0.01000000  0.00000000  0.00000000  0.00000000   -456.574190173231
  0.00000000  0.00500000  0.00000000 -0.01000000  0.00000000  0.00000000  0.00000000   -456.574199477930
  0.00000000  0.00500000  0.00000000 -0.00500000 -0.00500000  0.00000000  0.00000000   -456.574200002354
  0.00000000  0.00500000  0.00000000 -0.00500000  0.00500000  0.00000000  0.00000000   -456.574199876814
  0.00000000  0.00500000  0.00000000  0.00000000 -0.01000000  0.00000000  0.00000000   -456.574196592699
  0.00000000  0.00500000  0.00000000  0.00000000  0.00000000 -0.01000000  0.00000000   -456.574199477691
  0.00000000  0.00500000  0.00000000  0.00000000  0.00000000 -0.00500000 -0.00500000   -456.574200002488
  0.00000000  0.00500000  0.00000000  0.00000000  0.00000000 -0.00500000  0.00500000   -456.574199876478
  0.00000000  0.00500000  0.00000000  0.00000000  0.00000000  0.00000000 -0.01000000   -456.574196592452
  0.00000000  0.00500000  0.00000000  0.00000000  0.00000000  0.00000000  0.00000000   -456.574201842469
  0.00000000  0.00500000  0.00000000  0.00000000  0.00000000  0.00000000  0.01000000   -456.574196593061
  0.00000000  0.00500000  0.00000000  0.00000000  0.00000000  0.00500000 -0.00500000   -456.574199876516
  0.00000000  0.00500000  0.00000000  0.00000000  0.00000000  0.00500000  0.00500000   -456.574200000700
  0.00000000  0.00500000  0.00000000  0.00000000  0.00000000  0.01000000  0.00000000   -456.574199477657
  0.00000000  0.00500000  0.00000000  0.00000000  0.01000000  0.00000000  0.00000000   -456.574196593166
  0.00000000  0.00500000  0.00000000  0.00500000 -0.00500000  0.00000000  0.00000000   -456.574199876109
  0.00000000  0.00500000  0.00000000  0.00500000  0.00500000  0.00000000  0.00000000   -456.574200000608
  0.00000000  0.00500000  0.00000000  0.01000000  0.00000000  0.00000000  0.00000000   -456.574199477811
  0.00000000  0.00500000  0.00500000 -0.01000000  0.00000000  0.00000000  0.00000000   -456.574165145085
  0.00000000  0.00500000  0.00500000 -0.00500000 -0.00500000  0.00000000  0.00000000   -456.574165680711
  0.00000000  0.00500000  0.00500000 -0.00500000  0.00500000  0.00000000  0.00000000   -456.574165552938
  0.00000000  0.00500000  0.00500000  0.00000000 -0.01000000  0.00000000  0.00000000   -456.574162298223
  0.00000000  0.00500000  0.00500000  0.00000000  0.00000000 -0.01000000  0.00000000   -456.574165145655
  0.00000000  0.00500000  0.00500000  0.00000000  0.00000000 -0.00500000 -0.00500000   -456.574165680539
  0.00000000  0.00500000  0.00500000  0.00000000  0.00000000 -0.00500000  0.00500000   -456.574165553243
  0.00000000  0.00500000  0.00500000  0.00000000  0.00000000  0.00000000 -0.01000000   -456.574162298578
  0.00000000  0.00500000  0.00500000  0.00000000  0.00000000  0.00000000  0.00000000   -456.574167511037
  0.00000000  0.00500000  0.00500000  0.00000000  0.00000000  0.00000000  0.01000000   -456.574162297688
  0.00000000  0.00500000  0.00500000  0.00000000  0.00000000  0.00500000 -0.00500000   -456.574165553565
  0.00000000  0.00500000  0.00500000  0.00000000  0.00000000  0.00500000  0.00500000   -456.574165680892
  0.00000000  0.00500000  0.00500000  0.00000000  0.00000000  0.01000000  0.00000000   -456.574165145646
  0.00000000  0.00500000  0.00500000  0.00000000  0.01000000  0.00000000  0.00000000   -456.574162297621
  0.00000000  0.00500000  0.00500000  0.00500000 -0.00500000  0.00000000  0.00000000   -456.574165553359
  0.00000000  0.00500000  0.00500000  0.00500000  0.00500000  0.00000000  0.00000000   -456.574165680321
  0.00000000  0.00500000  0.00500000  0.01000000  0.00000000  0.00000000  0.00000000   -456.574165146141
  0.00000000  0.00500000  0.01000000  0.00000000  0.00000000  0.00000000  0.00000000   -456.574090713236
  0.00000000  0.00500000  0.01500000  0.00000000  0.00000000  0.00000000  0.00000000   -456.573972589880
  0.00000000  0.01000000 -0.01000000  0.00000000  0.00000000  0.00000000  0.00000000   -456.574075052951
  0.00000000  0.01000000 -0.00500000  0.00000000  0.00000000  0.00000000  0.00000000   -456.574125277007
  0.00000000  0.01000000  0.00000000 -0.01000000  0.00000000  0.00000000  0.00000000   -456.574128358642
  0.00000000  0.01000000  0.00000000 -0.00500000 -0.00500000  0.00000000  0.00000000   -456.574128865772
  0.00000000  0.01000000  0.00000000 -0.00500000  0.00500000  0.00000000  0.00000000   -456.574128743644
  0.00000000  0.01000000  0.00000000  0.00000000 -0.01000000  0.00000000  0.00000000   -456.574125473512
  0.00000000  0.01000000  0.00000000  0.00000000  0.00000000 -0.01000000  0.00000000   -456.574128358541
  0.00000000  0.01000000  0.00000000  0.00000000  0.00000000 -0.00500000 -0.00500000   -456.574128865670
  0.00000000  0.01000000  0.00000000  0.00000000  0.00000000 -0.00500000  0.00500000   -456.574128743360
  0.00000000  0.01000000  0.00000000  0.00000000  0.00000000  0.00000000 -0.01000000   -456.574125473414
  0.00000000  0.01000000  0.00000000  0.00000000  0.00000000  0.00000000  0.00000000   -456.574130694809
  0.00000000  0.01000000  0.00000000  0.00000000  0.00000000  0.00000000  0.01000000   -456.574125473640
  0.00000000  0.01000000  0.00000000  0.00000000  0.00000000  0.00500000 -0.00500000   -456.574128743085
  0.00000000  0.01000000  0.00000000  0.00000000  0.00000000  0.00500000  0.00500000   -456.574128866221
  0.00000000  0.01000000  0.00000000  0.00000000  0.00000000  0.01000000  0.00000000   -456.574128359602
  0.00000000  0.01000000  0.00000000  0.00000000  0.01000000  0.00000000  0.00000000   -456.574125473170
  0.00000000  0.01000000  0.00000000  0.00500000 -0.00500000  0.00000000  0.00000000   -456.574128743384
  0.00000000  0.01000000  0.00000000  0.00500000  0.00500000  0.00000000  0.00000000   -456.574128867031
  0.00000000  0.01000000  0.00000000  0.01000000  0.00000000  0.00000000  0.00000000   -456.574128359256
  0.00000000  0.01000000  0.00500000  0.00000000  0.00000000  0.00000000  0.00000000   -456.574092501422
  0.00000000  0.01000000  0.01000000  0.00000000  0.00000000  0.00000000  0.00000000   -456.574011864452
  0.00000000  0.01500000 -0.00500000  0.00000000  0.00000000  0.00000000  0.00000000   -456.574016458416
  0.00000000  0.01500000  0.00000000  0.00000000  0.00000000  0.00000000  0.00000000   -456.574018039391
  0.00000000  0.01500000  0.00500000  0.00000000  0.00000000  0.00000000  0.00000000   -456.573976032736
  0.00000000  0.02000000  0.00000000  0.00000000  0.00000000  0.00000000  0.00000000   -456.573865093362
  0.00500000 -0.01500000  0.00000000  0.00000000  0.00000000  0.00000000  0.00000000   -456.574009373099
  0.00500000 -0.01000000 -0.00500000  0.00000000  0.00000000  0.00000000  0.00000000   -456.574089960586
  0.00500000 -0.01000000  0.00000000  0.00000000  0.00000000  0.00000000  0.00000000   -456.574113449118
  0.00500000 -0.01000000  0.00500000  0.00000000  0.00000000  0.00000000  0.00000000   -456.574093232278
  0.00500000 -0.00500000 -0.01000000  0.00000000  0.00000000  0.00000000  0.00000000   -456.574087176231
  0.00500000 -0.00500000 -0.00500000  0.00000000  0.00000000  0.00000000  0.00000000   -456.574151482492
  0.00500000 -0.00500000  0.00000000 -0.01000000  0.00000000  0.00000000  0.00000000   -456.574168515863
  0.00500000 -0.00500000  0.00000000 -0.00500000 -0.00500000  0.00000000  0.00000000   -456.574169054575
  0.00500000 -0.00500000  0.00000000 -0.00500000  0.00500000  0.00000000  0.00000000   -456.574168921741
  0.00500000 -0.00500000  0.00000000  0.00000000 -0.01000000  0.00000000  0.00000000   -456.574165611375
  0.00500000 -0.00500000  0.00000000  0.00000000  0.00000000 -0.01000000  0.00000000   -456.574168515214
  0.00500000 -0.00500000  0.00000000  0.00000000  0.00000000 -0.00500000 -0.00500000   -456.574169054455
  0.00500000 -0.00500000  0.00000000  0.00000000  0.00000000 -0.00500000  0.00500000   -456.574168922801
  0.00500000 -0.00500000  0.00000000  0.00000000  0.00000000  0.00000000 -0.01000000   -456.574165611186
  0.00500000 -0.00500000  0.00000000  0.00000000  0.00000000  0.00000000  0.00000000   -456.574170913833
  0.00500000 -0.00500000  0.00000000  0.00000000  0.00000000  0.00000000  0.01000000   -456.574165610375
  0.00500000 -0.00500000  0.00000000  0.00000000  0.00000000  0.00500000 -0.00500000   -456.574168922698
  0.00500000 -0.00500000  0.00000000  0.00000000  0.00000000  0.00500000  0.00500000   -456.574169055152
  0.00500000 -0.00500000  0.00000000  0.00000000  0.00000000  0.01000000  0.00000000   -456.574168514775
  0.00500000 -0.00500000  0.00000000  0.00000000  0.01000000  0.00000000  0.00000000   -456.574165610307
  0.00500000 -0.00500000  0.00000000  0.00500000 -0.00500000  0.00000000  0.00000000   -456.574168921825
  0.00500000 -0.00500000  0.00000000  0.00500000  0.00500000  0.00000000  0.00000000   -456.574169054652
  0.00500000 -0.00500000  0.00000000  0.01000000  0.00000000  0.00000000  0.00000000   -456.574168515508
  0.00500000 -0.00500000  0.00500000  0.00000000  0.00000000  0.00000000  0.00000000   -456.574146662191
  0.00500000 -0.00500000  0.01000000  0.00000000  0.00000000  0.00000000  0.00000000   -456.574079894938
  0.00500000  0.00000000 -0.01500000  0.00000000  0.00000000  0.00000000  0.00000000   -456.574001063869
  0.00500000  0.00000000 -0.01000000  0.00000000  0.00000000  0.00000000  0.00000000   -456.574107409423
  0.00500000  0.00000000 -0.00500000 -0.01000000  0.00000000  0.00000000  0.00000000   -456.574165316189
  0.00500000  0.00000000 -0.00500000 -0.00500000 -0.00500000  0.00000000  0.00000000   -456.574165829099
  0.00500000  0.00000000 -0.00500000 -0.00500000  0.00500000  0.00000000  0.00000000   -456.574165699912
  0.00500000  0.00000000 -0.00500000  0.00000000 -0.01000000  0.00000000  0.00000000   -456.574162373018
  0.00500000  0.00000000 -0.00500000  0.00000000  0.00000000 -0.01000000  0.00000000   -456.574165316400
  0.00500000  0.00000000 -0.00500000  0.00000000  0.00000000 -0.00500000 -0.00500000   -456.574165828857
  0.00500000  0.00000000 -0.00500000  0.00000000  0.00000000 -0.00500000  0.00500000   -456.574165700398
  0.00500000  0.00000000 -0.00500000  0.00000000  0.00000000  0.00000000 -0.01000000   -456.574162373239
  0.00500000  0.00000000 -0.00500000  0.00000000  0.00000000  0.00000000  0.00000000   -456.574167684213
  0.00500000  0.00000000 -0.00500000  0.00000000  0.00000000  0.00000000  0.01000000   -456.574162373186
  0.00500000  0.00000000 -0.00500000  0.00000000  0.00000000  0.00500000 -0.00500000   -456.574165699730
  0.00500000  0.00000000 -0.00500000  0.00000000  0.00000000  0.00500000  0.00500000   -456.574165828348
  0.00500000  0.00000000 -0.00500000  0.00000000  0.00000000  0.01000000  0.00000000   -456.574165318151
  0.00500000  0.00000000 -0.00500000  0.00000000  0.01000000  0.00000000  0.00000000   -456.574162372365
  0.00500000  0.00000000 -0.00500000  0.00500000 -0.00500000  0.00000000  0.00000000   -456.574165701251
  0.00500000  0.00000000 -0.00500000  0.00500000  0.00500000  0.00000000  0.00000000   -456.574165829209
  0.00500000  0.00000000 -0.00500000  0.01000000  0.00000000  0.00000000  0.00000000   -456.574165318158
  0.00500000  0.00000000  0.00000000 -0.01000000  0.00000000  0.00000000  0.00000000   -456.574180739303
  0.00500000  0.00000000  0.00000000 -0.00500000 -0.00500000  0.00000000  0.00000000   -456.574181261968
  0.00500000  0.00000000  0.00000000 -0.00500000  0.00500000  0.00000000  0.00000000   -456.574181129987
  0.00500000  0.00000000  0.00000000  0.00000000 -0.01000000  0.00000000  0.00000000   -456.574177831003
  0.00500000  0.00000000  0.00000000  0.00000000  0.00000000 -0.01000000  0.00000000   -456.574180739375
  0.00500000  0.00000000  0.00000000  0.00000000  0.00000000 -0.00500000 -0.00500000   -456.574181261703
  0.00500000  0.00000000  0.00000000  0.00000000  0.00000000 -0.00500000  0.00500000   -456.574181130079
  0.00500000  0.00000000  0.00000000  0.00000000  0.00000000  0.00000000 -0.01000000   -456.574177831185
  0.00500000  0.00000000  0.00000000  0.00000000  0.00000000  0.00000000  0.00000000   -456.574183106991
  0.00500000  0.00000000  0.00000000  0.00000000  0.00000000  0.00000000  0.01000000   -456.574177831228
  0.00500000  0.00000000  0.00000000  0.00000000  0.00000000  0.00500000 -0.00500000   -456.574181129334
  0.00500000  0.00000000  0.00000000  0.00000000  0.00000000  0.00500000  0.00500000   -456.574181261304
  0.00500000  0.00000000  0.00000000  0.00000000  0.00000000  0.01000000  0.00000000   -456.574180739733
  0.00500000  0.00000000  0.00000000  0.00000000  0.01000000  0.00000000  0.00000000   -456.574177831329
  0.00500000  0.00000000  0.00000000  0.00500000 -0.00500000  0.00000000  0.00000000   -456.574181130165
  0.00500000  0.00000000  0.00000000  0.00500000  0.00500000  0.00000000  0.00000000   -456.574181261514
  0.00500000  0.00000000  0.00000000  0.01000000  0.00000000  0.00000000  0.00000000   -456.574180737975
  0.00500000  0.00000000  0.00500000 -0.01000000  0.00000000  0.00000000  0.00000000   -456.574152501073
  0.00500000  0.00000000  0.00500000 -0.00500000 -0.00500000  0.00000000  0.00000000   -456.574153035961
  0.00500000  0.00000000  0.00500000 -0.00500000  0.00500000  0.00000000  0.00000000   -456.574152901982
  0.00500000  0.00000000  0.00500000  0.00000000 -0.01000000  0.00000000  0.00000000   -456.574149632153
  0.00500000  0.00000000  0.00500000  0.00000000  0.00000000 -0.01000000  0.00000000   -456.574152500556
  0.00500000  0.00000000  0.00500000  0.00000000  0.00000000 -0.00500000 -0.00500000   -456.574153037039
  0.00500000  0.00000000  0.00500000  0.00000000  0.00000000 -0.00500000  0.00500000   -456.574152901257
  0.00500000  0.00000000  0.00500000  0.00000000  0.00000000  0.00000000 -0.01000000   -456.574149631550
  0.00500000  0.00000000  0.00500000  0.00000000  0.00000000  0.00000000  0.00000000   -456.574154871276
  0.00500000  0.00000000  0.00500000  0.00000000  0.00000000  0.00000000  0.01000000   -456.574149631936
  0.00500000  0.00000000  0.00500000  0.00000000  0.00000000  0.00500000 -0.00500000   -456.574152902924
  0.00500000  0.00000000  0.00500000  0.00000000  0.00000000  0.00500000  0.00500000   -456.574153036054
  0.00500000  0.00000000  0.00500000  0.00000000  0.00000000  0.01000000  0.00000000   -456.574152500656
  0.00500000  0.00000000  0.00500000  0.00000000  0.01000000  0.00000000  0.00000000   -456.574149631186
  0.00500000  0.00000000  0.00500000  0.00500000 -0.00500000  0.00000000  0.00000000   -456.574152902471
  0.00500000  0.00000000  0.00500000  0.00500000  0.00500000  0.00000000  0.00000000   -456.574153035475
  0.00500000  0.00000000  0.00500000  0.01000000  0.00000000  0.00000000  0.00000000   -456.574152500033
  0.00500000  0.00000000  0.01000000  0.00000000  0.00000000  0.00000000  0.00000000   -456.574084145257
  0.00500000  0.00000000  0.01500000  0.00000000  0.00000000  0.00000000  0.00000000   -456.573972072684
  0.00500000  0.00500000 -0.01000000  0.00000000  0.00000000  0.00000000  0.00000000   -456.574083581825
  0.00500000  0.00500000 -0.00500000  0.00000000  0.00000000  0.00000000  0.00000000   -456.574139873283
  0.00500000  0.00500000  0.00000000 -0.01000000  0.00000000  0.00000000  0.00000000   -456.574148998142
  0.00500000  0.00500000  0.00000000 -0.00500000 -0.00500000  0.00000000  0.00000000   -456.574149507600
  0.00500000  0.00500000  0.00000000 -0.00500000  0.00500000  0.00000000  0.00000000   -456.574149376446
  0.00500000  0.00500000  0.00000000  0.00000000 -0.01000000  0.00000000  0.00000000   -456.574146091218
  0.00500000  0.00500000  0.00000000  0.00000000  0.00000000 -0.01000000  0.00000000   -456.574148998046
  0.00500000  0.00500000  0.00000000  0.00000000  0.00000000 -0.00500000 -0.00500000   -456.574149507144
  0.00500000  0.00500000  0.00000000  0.00000000  0.00000000 -0.00500000  0.00500000   -456.574149376620
  0.00500000  0.00500000  0.00000000  0.00000000  0.00000000  0.00000000 -0.01000000   -456.574146090853
  0.00500000  0.00500000  0.00000000  0.00000000  0.00000000  0.00000000  0.00000000   -456.574151337974
  0.00500000  0.00500000  0.00000000  0.00000000  0.00000000  0.00000000  0.01000000   -456.574146091859
  0.00500000  0.00500000  0.00000000  0.00000000  0.00000000  0.00500000 -0.00500000   -456.574149376257
  0.00500000  0.00500000  0.00000000  0.00000000  0.00000000  0.00500000  0.00500000   -456.574149505363
  0.00500000  0.00500000  0.00000000  0.00000000  0.00000000  0.01000000  0.00000000   -456.574148998025
  0.00500000  0.00500000  0.00000000  0.00000000  0.01000000  0.00000000  0.00000000   -456.574146091089
  0.00500000  0.00500000  0.00000000  0.00500000 -0.00500000  0.00000000  0.00000000   -456.574149376299
  0.00500000  0.00500000  0.00000000  0.00500000  0.00500000  0.00000000  0.00000000   -456.574149506001
  0.00500000  0.00500000  0.00000000  0.01000000  0.00000000  0.00000000  0.00000000   -456.574148998171
  0.00500000  0.00500000  0.00500000  0.00000000  0.00000000  0.00000000  0.00000000   -456.574119168732
  0.00500000  0.00500000  0.01000000  0.00000000  0.00000000  0.00000000  0.00000000   -456.574044533805
  0.00500000  0.01000000 -0.00500000  0.00000000  0.00000000  0.00000000  0.00000000   -456.574069327358
  0.00500000  0.01000000  0.00000000  0.00000000  0.00000000  0.00000000  0.00000000   -456.574076883993
  0.00500000  0.01000000  0.00500000  0.00000000  0.00000000  0.00000000  0.00000000   -456.574040830434
  0.00500000  0.01500000  0.00000000  0.00000000  0.00000000  0.00000000  0.00000000   -456.573960990021
  0.01000000 -0.01000000  0.00000000  0.00000000  0.00000000  0.00000000  0.00000000   -456.574009395050
  0.01000000 -0.00500000 -0.00500000  0.00000000  0.00000000  0.00000000  0.00000000   -456.574041714629
  0.01000000 -0.00500000  0.00000000  0.00000000  0.00000000  0.00000000  0.00000000   -456.574063350522
  0.01000000 -0.00500000  0.00500000  0.00000000  0.00000000  0.00000000  0.00000000   -456.574041304082
  0.01000000  0.00000000 -0.01000000  0.00000000  0.00000000  0.00000000  0.00000000   -456.573992046456
  0.01000000  0.00000000 -0.00500000  0.00000000  0.00000000  0.00000000  0.00000000   -456.574054500633
  0.01000000  0.00000000  0.00000000 -0.01000000  0.00000000  0.00000000  0.00000000   -456.574069760334
  0.01000000  0.00000000  0.00000000 -0.00500000 -0.00500000  0.00000000  0.00000000   -456.574070269096
  0.01000000  0.00000000  0.00000000 -0.00500000  0.00500000  0.00000000  0.00000000   -456.574070132432
  0.01000000  0.00000000  0.00000000  0.00000000 -0.01000000  0.00000000  0.00000000   -456.574066833049
  0.01000000  0.00000000  0.00000000  0.00000000  0.00000000 -0.01000000  0.00000000   -456.574069760491
  0.01000000  0.00000000  0.00000000  0.00000000  0.00000000 -0.00500000 -0.00500000   -456.574070269296
  0.01000000  0.00000000  0.00000000  0.00000000  0.00000000 -0.00500000  0.00500000   -456.574070132395
  0.01000000  0.00000000  0.00000000  0.00000000  0.00000000  0.00000000 -0.01000000   -456.574066832905
  0.01000000  0.00000000  0.00000000  0.00000000  0.00000000  0.00000000  0.00000000   -456.574072104625
  0.01000000  0.00000000  0.00000000  0.00000000  0.00000000  0.00000000  0.01000000   -456.574066833281
  0.01000000  0.00000000  0.00000000  0.00000000  0.00000000  0.00500000 -0.00500000   -456.574070132542
  0.01000000  0.00000000  0.00000000  0.00000000  0.00000000  0.00500000  0.00500000   -456.574070269277
  0.01000000  0.00000000  0.00000000  0.00000000  0.00000000  0.01000000  0.00000000   -456.574069761121
  0.01000000  0.00000000  0.00000000  0.00000000  0.01000000  0.00000000  0.00000000   -456.574066832980
  0.01000000  0.00000000  0.00000000  0.00500000 -0.00500000  0.00000000  0.00000000   -456.574070132515
  0.01000000  0.00000000  0.00000000  0.00500000  0.00500000  0.00000000  0.00000000   -456.574070269675
  0.01000000  0.00000000  0.00000000  0.01000000  0.00000000  0.00000000  0.00000000   -456.574069761180
  0.01000000  0.00000000  0.00500000  0.00000000  0.00000000  0.00000000  0.00000000   -456.574046053875
  0.01000000  0.00000000  0.01000000  0.00000000  0.00000000  0.00000000  0.00000000   -456.573977514812
  0.01000000  0.00500000 -0.00500000  0.00000000  0.00000000  0.00000000  0.00000000   -456.574023342869
  0.01000000  0.00500000  0.00000000  0.00000000  0.00000000  0.00000000  0.00000000   -456.574036968314
  0.01000000  0.00500000  0.00500000  0.00000000  0.00000000  0.00000000  0.00000000   -456.574006962256
  0.01000000  0.01000000  0.00000000  0.00000000  0.00000000  0.00000000  0.00000000   -456.573959214956
  0.01500000 -0.00500000  0.00000000  0.00000000  0.00000000  0.00000000  0.00000000   -456.573893863032
  0.01500000  0.00000000 -0.00500000  0.00000000  0.00000000  0.00000000  0.00000000   -456.573879398976
  0.01500000  0.00000000  0.00000000  0.00000000  0.00000000  0.00000000  0.00000000   -456.573899187211
  0.01500000  0.00000000  0.00500000  0.00000000  0.00000000  0.00000000  0.00000000   -456.573875320928
  0.01500000  0.00500000  0.00000000  0.00000000  0.00000000  0.00000000  0.00000000   -456.573860688996
  0.02000000  0.00000000  0.00000000  0.00000000  0.00000000  0.00000000  0.00000000   -456.573666261653
UNKNOWNS
 114
FUNCTION
    0    1    0    0    2    1    0    1    0    0    0    0    0    0    0    0
    3    2    1    0    2    1    0    1    0    0    1    0    0    1    0    0
    1    0    0    1    0    0    1    0    0    1    0    0    4    3    2    1
    0    3    2    1    0    2    1    0    1    0    0    2    1    0    1    0
    0    0    2    1    0    1    0    0    0    2    1    0    1    0    0    0
    0    0    2    1    0    1    0    0    0    0    0    0    2    1    0    1
    0    0    0    0    0    0    2    1    0    1    0    0    0    0    0    0
    0    0
    0    0    1    0    0    1    2    0    1    0    0    0    0    0    0    0
    0    1    2    3    0    1    2    0    1    0    0    1    0    0    1    0
    0    1    0    0    1    0    0    1    0    0    1    0    0    1    2    3
    4    0    1    2    3    0    1    2    0    1    0    0    1    2    0    1
    0    0    0    1    2    0    1    0    0    0    1    2    0    1    0    0
    0    0    0    1    2    0    1    0    0    0    0    0    0    1    2    0
    1    0    0    0    0    0    0    1    2    0    1    0    0    0    0    0
    0    0
    0    0    0    1    0    0    0    1    1    2    0    0    0    0    0    0
    0    0    0    0    1    1    1    2    2    3    0    0    1    0    0    1
    0    0    1    0    0    1    0    0    1    0    0    1    0    0    0    0
    0    1    1    1    1    2    2    2    3    3    4    0    0    0    1    1
    2    0    0    0    0    1    1    2    0    0    0    0    1    1    2    0
    0    0    0    0    0    1    1    2    0    0    0    0    0    0    0    1
    1    2    0    0    0    0    0    0    0    1    1    2    0    0    0    0
    0    0
    0    0    0    0    0    0    0    0    0    0    2    1    0    0    0    0
    0    0    0    0    0    0    0    0    0    0    2    2    2    1    1    1
    0    0    0    0    0    0    0    0    0    0    0    0    0    0    0    0
    0    0    0    0    0    0    0    0    0    0    0    2    2    2    2    2
    2    4    1    1    1    1    1    1    3    0    0    0    0    0    0    2
    1    0    0    0    0    0    0    0    2    1    0    0    0    0    0    0
    0    0    2    1    0    0    0    0    0    0    0    0    2    1    0    0
    0    0
    0    0    0    0    0    0    0    0    0    0    0    1    2    0    0    0
    0    0    0    0    0    0    0    0    0    0    0    0    0    1    1    1
    2    2    2    0    0    0    0    0    0    0    0    0    0    0    0    0
    0    0    0    0    0    0    0    0    0    0    0    0    0    0    0    0
    0    0    1    1    1    1    1    1    1    2    2    2    2    2    2    2
    3    4    0    0    0    0    0    0    0    1    2    0    0    0    0    0
    0    0    0    1    2    0    0    0    0    0    0    0    0    1    2    0
    0    0
    0    0    0    0    0    0    0    0    0    0    0    0    0    2    1    0
    0    0    0    0    0    0    0    0    0    0    0    0    0    0    0    0
    0    0    0    2    2    2    1    1    1    0    0    0    0    0    0    0
    0    0    0    0    0    0    0    0    0    0    0    0    0    0    0    0
    0    0    0    0    0    0    0    0    0    0    0    0    0    0    0    0
    0    0    2    2    2    2    2    2    2    2    2    4    1    1    1    1
    1    1    1    1    1    3    0    0    0    0    0    0    0    0    0    2
    1    0
    0    0    0    0    0    0    0    0    0    0    0    0    0    0    1    2
    0    0    0    0    0    0    0    0    0    0    0    0    0    0    0    0
    0    0    0    0    0    0    1    1    1    2    2    2    0    0    0    0
    0    0    0    0    0    0    0    0    0    0    0    0    0    0    0    0
    0    0    0    0    0    0    0    0    0    0    0    0    0    0    0    0
    0    0    0    0    0    0    0    0    0    0    0    0    1    1    1    1
    1    1    1    1    1    1    2    2    2    2    2    2    2    2    2    2
    3    4
END OF DATA
!FIT
!STATIONARY POINT
!END


