!INPUT
TITLE
 c-ArH3+ ^1A' CcC OPB
INDEPENDENT VARIABLES
   6
DATA POINTS
 413   -2
(6F12.8,f20.12)
  0.00000000  0.00000000  0.00000000  0.00000000  0.00000000  0.00000000   -528.806777462721
 -0.02000000  0.00000000  0.00000000  0.00000000  0.00000000  0.00000000   -528.806753459827
 -0.01500000 -0.00500000  0.00000000  0.00000000  0.00000000  0.00000000   -528.806752433581
 -0.01500000  0.00000000 -0.00500000  0.00000000  0.00000000  0.00000000   -528.806740554595
 -0.01500000  0.00000000  0.00000000  0.00000000  0.00000000  0.00000000   -528.806763885123
 -0.01500000  0.00000000  0.00500000  0.00000000  0.00000000  0.00000000   -528.806757963905
 -0.01500000  0.00500000  0.00000000  0.00000000  0.00000000  0.00000000   -528.806758974933
 -0.01000000 -0.01000000  0.00000000  0.00000000  0.00000000  0.00000000   -528.806735285234
 -0.01000000 -0.00500000 -0.00500000  0.00000000  0.00000000  0.00000000   -528.806755114510
 -0.01000000 -0.00500000  0.00000000  0.00000000  0.00000000  0.00000000   -528.806761636838
 -0.01000000 -0.00500000  0.00500000  0.00000000  0.00000000  0.00000000   -528.806738533677
 -0.01000000  0.00000000 -0.01000000  0.00000000  0.00000000  0.00000000   -528.806702324545
 -0.01000000  0.00000000 -0.00500000  0.00000000  0.00000000  0.00000000   -528.806750858714
 -0.01000000  0.00000000  0.00000000 -0.01000000  0.00000000  0.00000000   -528.806745098382
 -0.01000000  0.00000000  0.00000000 -0.00500000 -0.00500000  0.00000000   -528.806764707517
 -0.01000000  0.00000000  0.00000000 -0.00500000  0.00500000  0.00000000   -528.806764518906
 -0.01000000  0.00000000  0.00000000  0.00000000 -0.01000000  0.00000000   -528.806770733601
 -0.01000000  0.00000000  0.00000000  0.00000000  0.00000000 -0.01000000   -528.806770362183
 -0.01000000  0.00000000  0.00000000  0.00000000  0.00000000  0.00000000   -528.806771308269
 -0.01000000  0.00000000  0.00000000  0.00000000  0.00000000  0.01000000   -528.806770362288
 -0.01000000  0.00000000  0.00000000  0.00000000  0.01000000  0.00000000   -528.806770733673
 -0.01000000  0.00000000  0.00000000  0.00500000 -0.00500000  0.00000000   -528.806764519077
 -0.01000000  0.00000000  0.00000000  0.00500000  0.00500000  0.00000000   -528.806764707352
 -0.01000000  0.00000000  0.00000000  0.01000000  0.00000000  0.00000000   -528.806745098421
 -0.01000000  0.00000000  0.00500000  0.00000000  0.00000000  0.00000000   -528.806762497102
 -0.01000000  0.00000000  0.01000000  0.00000000  0.00000000  0.00000000   -528.806723202174
 -0.01000000  0.00500000 -0.00500000  0.00000000  0.00000000  0.00000000   -528.806730396450
 -0.01000000  0.00500000  0.00000000  0.00000000  0.00000000  0.00000000   -528.806764624319
 -0.01000000  0.00500000  0.00500000  0.00000000  0.00000000  0.00000000   -528.806769953119
 -0.01000000  0.01000000  0.00000000  0.00000000  0.00000000  0.00000000   -528.806741902028
 -0.00500000 -0.01500000  0.00000000  0.00000000  0.00000000  0.00000000   -528.806701701182
 -0.00500000 -0.01000000 -0.00500000  0.00000000  0.00000000  0.00000000   -528.806753697245
 -0.00500000 -0.01000000  0.00000000  0.00000000  0.00000000  0.00000000   -528.806743297263
 -0.00500000 -0.01000000  0.00500000  0.00000000  0.00000000  0.00000000   -528.806702896668
 -0.00500000 -0.00500000 -0.01000000  0.00000000  0.00000000  0.00000000   -528.806732092049
 -0.00500000 -0.00500000 -0.00500000  0.00000000  0.00000000  0.00000000   -528.806764215339
 -0.00500000 -0.00500000  0.00000000 -0.01000000  0.00000000  0.00000000   -528.806741445660
 -0.00500000 -0.00500000  0.00000000 -0.00500000 -0.00500000  0.00000000   -528.806761232870
 -0.00500000 -0.00500000  0.00000000 -0.00500000  0.00500000  0.00000000   -528.806761043320
 -0.00500000 -0.00500000  0.00000000  0.00000000 -0.01000000  0.00000000   -528.806767323205
 -0.00500000 -0.00500000  0.00000000  0.00000000  0.00000000 -0.01000000   -528.806766469057
 -0.00500000 -0.00500000  0.00000000  0.00000000  0.00000000  0.00000000   -528.806767889770
 -0.00500000 -0.00500000  0.00000000  0.00000000  0.00000000  0.01000000   -528.806766469239
 -0.00500000 -0.00500000  0.00000000  0.00000000  0.01000000  0.00000000   -528.806767323461
 -0.00500000 -0.00500000  0.00000000  0.00500000 -0.00500000  0.00000000   -528.806761043395
 -0.00500000 -0.00500000  0.00000000  0.00500000  0.00500000  0.00000000   -528.806761232889
 -0.00500000 -0.00500000  0.00000000  0.01000000  0.00000000  0.00000000   -528.806741445599
 -0.00500000 -0.00500000  0.00500000  0.00000000  0.00000000  0.00000000   -528.806741930361
 -0.00500000 -0.00500000  0.01000000  0.00000000  0.00000000  0.00000000   -528.806685104952
 -0.00500000  0.00000000 -0.01500000  0.00000000  0.00000000  0.00000000   -528.806639866151
 -0.00500000  0.00000000 -0.01000000  0.00000000  0.00000000  0.00000000   -528.806712519013
 -0.00500000  0.00000000 -0.00500000 -0.01000000  0.00000000  0.00000000   -528.806731669149
 -0.00500000  0.00000000 -0.00500000 -0.00500000 -0.00500000  0.00000000   -528.806751528251
 -0.00500000  0.00000000 -0.00500000 -0.00500000  0.00500000  0.00000000   -528.806751340496
 -0.00500000  0.00000000 -0.00500000  0.00000000 -0.01000000  0.00000000   -528.806757643030
 -0.00500000  0.00000000 -0.00500000  0.00000000  0.00000000 -0.01000000   -528.806758013500
 -0.00500000  0.00000000 -0.00500000  0.00000000  0.00000000  0.00000000   -528.806758210430
 -0.00500000  0.00000000 -0.00500000  0.00000000  0.00000000  0.01000000   -528.806758013311
 -0.00500000  0.00000000 -0.00500000  0.00000000  0.01000000  0.00000000   -528.806757643347
 -0.00500000  0.00000000 -0.00500000  0.00500000 -0.00500000  0.00000000   -528.806751340396
 -0.00500000  0.00000000 -0.00500000  0.00500000  0.00500000  0.00000000   -528.806751528191
 -0.00500000  0.00000000 -0.00500000  0.01000000  0.00000000  0.00000000   -528.806731669132
 -0.00500000  0.00000000  0.00000000 -0.01000000  0.00000000  0.00000000   -528.806749651157
 -0.00500000  0.00000000  0.00000000 -0.00500000 -0.00500000  0.00000000   -528.806769222072
 -0.00500000  0.00000000  0.00000000 -0.00500000  0.00500000  0.00000000   -528.806769034992
 -0.00500000  0.00000000  0.00000000  0.00000000 -0.01000000  0.00000000   -528.806775242449
 -0.00500000  0.00000000  0.00000000  0.00000000  0.00000000 -0.01000000   -528.806774795581
 -0.00500000  0.00000000  0.00000000  0.00000000  0.00000000  0.00000000   -528.806775808291
 -0.00500000  0.00000000  0.00000000  0.00000000  0.00000000  0.01000000   -528.806774795580
 -0.00500000  0.00000000  0.00000000  0.00000000  0.01000000  0.00000000   -528.806775242114
 -0.00500000  0.00000000  0.00000000  0.00500000 -0.00500000  0.00000000   -528.806769035237
 -0.00500000  0.00000000  0.00000000  0.00500000  0.00500000  0.00000000   -528.806769222273
 -0.00500000  0.00000000  0.00000000  0.01000000  0.00000000  0.00000000   -528.806749650942
 -0.00500000  0.00000000  0.00500000 -0.01000000  0.00000000  0.00000000   -528.806738391122
 -0.00500000  0.00000000  0.00500000 -0.00500000 -0.00500000  0.00000000   -528.806757653308
 -0.00500000  0.00000000  0.00500000 -0.00500000  0.00500000  0.00000000   -528.806757466988
 -0.00500000  0.00000000  0.00500000  0.00000000 -0.01000000  0.00000000   -528.806763571738
 -0.00500000  0.00000000  0.00500000  0.00000000  0.00000000 -0.01000000   -528.806762258708
 -0.00500000  0.00000000  0.00500000  0.00000000  0.00000000  0.00000000   -528.806764136914
 -0.00500000  0.00000000  0.00500000  0.00000000  0.00000000  0.01000000   -528.806762258701
 -0.00500000  0.00000000  0.00500000  0.00000000  0.01000000  0.00000000   -528.806763571925
 -0.00500000  0.00000000  0.00500000  0.00500000 -0.00500000  0.00000000   -528.806757466939
 -0.00500000  0.00000000  0.00500000  0.00500000  0.00500000  0.00000000   -528.806757653595
 -0.00500000  0.00000000  0.00500000  0.01000000  0.00000000  0.00000000   -528.806738390892
 -0.00500000  0.00000000  0.01000000  0.00000000  0.00000000  0.00000000   -528.806721972935
 -0.00500000  0.00000000  0.01500000  0.00000000  0.00000000  0.00000000   -528.806648044891
 -0.00500000  0.00500000 -0.01000000  0.00000000  0.00000000  0.00000000   -528.806676891733
 -0.00500000  0.00500000 -0.00500000  0.00000000  0.00000000  0.00000000   -528.806736004729
 -0.00500000  0.00500000  0.00000000 -0.01000000  0.00000000  0.00000000   -528.806741502633
 -0.00500000  0.00500000  0.00000000 -0.00500000 -0.00500000  0.00000000   -528.806760860532
 -0.00500000  0.00500000  0.00000000 -0.00500000  0.00500000  0.00000000   -528.806760675932
 -0.00500000  0.00500000  0.00000000  0.00000000 -0.01000000  0.00000000   -528.806766811389
 -0.00500000  0.00500000  0.00000000  0.00000000  0.00000000 -0.01000000   -528.806766767974
 -0.00500000  0.00500000  0.00000000  0.00000000  0.00000000  0.00000000   -528.806767377319
 -0.00500000  0.00500000  0.00000000  0.00000000  0.00000000  0.01000000   -528.806766767846
 -0.00500000  0.00500000  0.00000000  0.00000000  0.01000000  0.00000000   -528.806766811286
 -0.00500000  0.00500000  0.00000000  0.00500000 -0.00500000  0.00000000   -528.806760675905
 -0.00500000  0.00500000  0.00000000  0.00500000  0.00500000  0.00000000   -528.806760860826
 -0.00500000  0.00500000  0.00000000  0.01000000  0.00000000  0.00000000   -528.806741502816
 -0.00500000  0.00500000  0.00500000  0.00000000  0.00000000  0.00000000   -528.806769841856
 -0.00500000  0.00500000  0.01000000  0.00000000  0.00000000  0.00000000   -528.806742185190
 -0.00500000  0.01000000 -0.00500000  0.00000000  0.00000000  0.00000000   -528.806697914590
 -0.00500000  0.01000000  0.00000000  0.00000000  0.00000000  0.00000000   -528.806742914284
 -0.00500000  0.01000000  0.00500000  0.00000000  0.00000000  0.00000000   -528.806759364900
 -0.00500000  0.01500000  0.00000000  0.00000000  0.00000000  0.00000000   -528.806702730663
  0.00000000 -0.02000000  0.00000000  0.00000000  0.00000000  0.00000000   -528.806651360778
  0.00000000 -0.01500000 -0.00500000  0.00000000  0.00000000  0.00000000   -528.806735989704
  0.00000000 -0.01500000  0.00000000  0.00000000  0.00000000  0.00000000   -528.806708552360
  0.00000000 -0.01500000  0.00500000  0.00000000  0.00000000  0.00000000   -528.806650736641
  0.00000000 -0.01000000 -0.01000000  0.00000000  0.00000000  0.00000000   -528.806746023998
  0.00000000 -0.01000000 -0.00500000  0.00000000  0.00000000  0.00000000   -528.806761624620
  0.00000000 -0.01000000  0.00000000 -0.01000000  0.00000000  0.00000000   -528.806721728063
  0.00000000 -0.01000000  0.00000000 -0.00500000 -0.00500000  0.00000000   -528.806741696729
  0.00000000 -0.01000000  0.00000000 -0.00500000  0.00500000  0.00000000   -528.806741506157
  0.00000000 -0.01000000  0.00000000  0.00000000 -0.01000000  0.00000000   -528.806747852220
  0.00000000 -0.01000000  0.00000000  0.00000000  0.00000000 -0.01000000   -528.806746512466
  0.00000000 -0.01000000  0.00000000  0.00000000  0.00000000  0.00000000   -528.806748410451
  0.00000000 -0.01000000  0.00000000  0.00000000  0.00000000  0.01000000   -528.806746512465
  0.00000000 -0.01000000  0.00000000  0.00000000  0.01000000  0.00000000   -528.806747852445
  0.00000000 -0.01000000  0.00000000  0.00500000 -0.00500000  0.00000000   -528.806741506144
  0.00000000 -0.01000000  0.00000000  0.00500000  0.00500000  0.00000000   -528.806741696658
  0.00000000 -0.01000000  0.00000000  0.01000000  0.00000000  0.00000000   -528.806721727934
  0.00000000 -0.01000000  0.00500000  0.00000000  0.00000000  0.00000000   -528.806705186851
  0.00000000 -0.01000000  0.01000000  0.00000000  0.00000000  0.00000000   -528.806630712407
  0.00000000 -0.00500000 -0.01500000  0.00000000  0.00000000  0.00000000   -528.806684471157
  0.00000000 -0.00500000 -0.01000000  0.00000000  0.00000000  0.00000000   -528.806741101232
  0.00000000 -0.00500000 -0.00500000 -0.01000000  0.00000000  0.00000000   -528.806743626601
  0.00000000 -0.00500000 -0.00500000 -0.00500000 -0.00500000  0.00000000   -528.806763673221
  0.00000000 -0.00500000 -0.00500000 -0.00500000  0.00500000  0.00000000   -528.806763484180
  0.00000000 -0.00500000 -0.00500000  0.00000000 -0.01000000  0.00000000   -528.806769855341
  0.00000000 -0.00500000 -0.00500000  0.00000000  0.00000000 -0.01000000   -528.806769758763
  0.00000000 -0.00500000 -0.00500000  0.00000000  0.00000000  0.00000000   -528.806770414478
  0.00000000 -0.00500000 -0.00500000  0.00000000  0.00000000  0.01000000   -528.806769758759
  0.00000000 -0.00500000 -0.00500000  0.00000000  0.01000000  0.00000000   -528.806769855171
  0.00000000 -0.00500000 -0.00500000  0.00500000 -0.00500000  0.00000000   -528.806763484390
  0.00000000 -0.00500000 -0.00500000  0.00500000  0.00500000  0.00000000   -528.806763673214
  0.00000000 -0.00500000 -0.00500000  0.01000000  0.00000000  0.00000000   -528.806743626558
  0.00000000 -0.00500000  0.00000000 -0.01000000  0.00000000  0.00000000   -528.806744878451
  0.00000000 -0.00500000  0.00000000 -0.00500000 -0.00500000  0.00000000   -528.806764628259
  0.00000000 -0.00500000  0.00000000 -0.00500000  0.00500000  0.00000000   -528.806764439737
  0.00000000 -0.00500000  0.00000000  0.00000000 -0.01000000  0.00000000   -528.806770712578
  0.00000000 -0.00500000  0.00000000  0.00000000  0.00000000 -0.01000000   -528.806769783977
  0.00000000 -0.00500000  0.00000000  0.00000000  0.00000000  0.00000000   -528.806771270498
  0.00000000 -0.00500000  0.00000000  0.00000000  0.00000000  0.01000000   -528.806769783978
  0.00000000 -0.00500000  0.00000000  0.00000000  0.01000000  0.00000000   -528.806770712540
  0.00000000 -0.00500000  0.00000000  0.00500000 -0.00500000  0.00000000   -528.806764440137
  0.00000000 -0.00500000  0.00000000  0.00500000  0.00500000  0.00000000   -528.806764628181
  0.00000000 -0.00500000  0.00000000  0.01000000  0.00000000  0.00000000   -528.806744878452
  0.00000000 -0.00500000  0.00500000 -0.01000000  0.00000000  0.00000000   -528.806716515760
  0.00000000 -0.00500000  0.00500000 -0.00500000 -0.00500000  0.00000000   -528.806735947741
  0.00000000 -0.00500000  0.00500000 -0.00500000  0.00500000  0.00000000   -528.806735760741
  0.00000000 -0.00500000  0.00500000  0.00000000 -0.01000000  0.00000000   -528.806741927287
  0.00000000 -0.00500000  0.00500000  0.00000000  0.00000000 -0.01000000   -528.806740116860
  0.00000000 -0.00500000  0.00500000  0.00000000  0.00000000  0.00000000   -528.806742484215
  0.00000000 -0.00500000  0.00500000  0.00000000  0.00000000  0.01000000   -528.806740117038
  0.00000000 -0.00500000  0.00500000  0.00000000  0.01000000  0.00000000   -528.806741927202
  0.00000000 -0.00500000  0.00500000  0.00500000 -0.00500000  0.00000000   -528.806735760291
  0.00000000 -0.00500000  0.00500000  0.00500000  0.00500000  0.00000000   -528.806735947744
  0.00000000 -0.00500000  0.00500000  0.01000000  0.00000000  0.00000000   -528.806716515936
  0.00000000 -0.00500000  0.01000000  0.00000000  0.00000000  0.00000000   -528.806682823580
  0.00000000 -0.00500000  0.01500000  0.00000000  0.00000000  0.00000000   -528.806591006497
  0.00000000  0.00000000 -0.02000000  0.00000000  0.00000000  0.00000000   -528.806554231111
  0.00000000  0.00000000 -0.01500000  0.00000000  0.00000000  0.00000000   -528.806649961120
  0.00000000  0.00000000 -0.01000000 -0.01000000  0.00000000  0.00000000   -528.806692961095
  0.00000000  0.00000000 -0.01000000 -0.00500000 -0.00500000  0.00000000   -528.806713051863
  0.00000000  0.00000000 -0.01000000 -0.00500000  0.00500000  0.00000000   -528.806712864490
  0.00000000  0.00000000 -0.01000000  0.00000000 -0.01000000  0.00000000   -528.806719249321
  0.00000000  0.00000000 -0.01000000  0.00000000  0.00000000 -0.01000000   -528.806720316840
  0.00000000  0.00000000 -0.01000000  0.00000000  0.00000000  0.00000000   -528.806719809245
  0.00000000  0.00000000 -0.01000000  0.00000000  0.00000000  0.01000000   -528.806720317015
  0.00000000  0.00000000 -0.01000000  0.00000000  0.01000000  0.00000000   -528.806719249193
  0.00000000  0.00000000 -0.01000000  0.00500000 -0.00500000  0.00000000   -528.806712864476
  0.00000000  0.00000000 -0.01000000  0.00500000  0.00500000  0.00000000   -528.806713051813
  0.00000000  0.00000000 -0.01000000  0.01000000  0.00000000  0.00000000   -528.806692960980
  0.00000000  0.00000000 -0.00500000 -0.01000000  0.00000000  0.00000000   -528.806736197173
  0.00000000  0.00000000 -0.00500000 -0.00500000 -0.00500000  0.00000000   -528.806756019190
  0.00000000  0.00000000 -0.00500000 -0.00500000  0.00500000  0.00000000   -528.806755832520
  0.00000000  0.00000000 -0.00500000  0.00000000 -0.01000000  0.00000000   -528.806762128073
  0.00000000  0.00000000 -0.00500000  0.00000000  0.00000000 -0.01000000   -528.806762424831
  0.00000000  0.00000000 -0.00500000  0.00000000  0.00000000  0.00000000   -528.806762687050
  0.00000000  0.00000000 -0.00500000  0.00000000  0.00000000  0.01000000   -528.806762424736
  0.00000000  0.00000000 -0.00500000  0.00000000  0.01000000  0.00000000   -528.806762128162
  0.00000000  0.00000000 -0.00500000  0.00500000 -0.00500000  0.00000000   -528.806755832707
  0.00000000  0.00000000 -0.00500000  0.00500000  0.00500000  0.00000000   -528.806756018974
  0.00000000  0.00000000 -0.00500000  0.01000000  0.00000000  0.00000000   -528.806736196898
  0.00000000  0.00000000  0.00000000 -0.02000000  0.00000000  0.00000000   -528.806672973706
  0.00000000  0.00000000  0.00000000 -0.01500000 -0.00500000  0.00000000   -528.806718848936
  0.00000000  0.00000000  0.00000000 -0.01500000  0.00500000  0.00000000   -528.806718291749
  0.00000000  0.00000000  0.00000000 -0.01000000 -0.01000000  0.00000000   -528.806751171015
  0.00000000  0.00000000  0.00000000 -0.01000000  0.00000000 -0.01000000   -528.806750289802
  0.00000000  0.00000000  0.00000000 -0.01000000  0.00000000  0.00000000   -528.806751357336
  0.00000000  0.00000000  0.00000000 -0.01000000  0.00000000  0.01000000   -528.806750290019
  0.00000000  0.00000000  0.00000000 -0.01000000  0.01000000  0.00000000   -528.806750428079
  0.00000000  0.00000000  0.00000000 -0.00500000 -0.01500000  0.00000000   -528.806769961047
  0.00000000  0.00000000  0.00000000 -0.00500000 -0.00500000 -0.01000000   -528.806769814996
  0.00000000  0.00000000  0.00000000 -0.00500000 -0.00500000  0.00000000   -528.806770890747
  0.00000000  0.00000000  0.00000000 -0.00500000 -0.00500000  0.01000000   -528.806769814853
  0.00000000  0.00000000  0.00000000 -0.00500000  0.00500000 -0.01000000   -528.806769629368
  0.00000000  0.00000000  0.00000000 -0.00500000  0.00500000  0.00000000   -528.806770705137
  0.00000000  0.00000000  0.00000000 -0.00500000  0.00500000  0.01000000   -528.806769629368
  0.00000000  0.00000000  0.00000000 -0.00500000  0.01500000  0.00000000   -528.806769403852
  0.00000000  0.00000000  0.00000000  0.00000000 -0.02000000  0.00000000   -528.806775231454
  0.00000000  0.00000000  0.00000000  0.00000000 -0.01000000 -0.01000000   -528.806775825623
  0.00000000  0.00000000  0.00000000  0.00000000 -0.01000000  0.00000000   -528.806776904990
  0.00000000  0.00000000  0.00000000  0.00000000 -0.01000000  0.01000000   -528.806775825793
  0.00000000  0.00000000  0.00000000  0.00000000  0.00000000 -0.02000000   -528.806773001899
  0.00000000  0.00000000  0.00000000  0.00000000  0.00000000 -0.01000000   -528.806776383970
  0.00000000  0.00000000  0.00000000  0.00000000  0.00000000  0.01000000   -528.806776383812
  0.00000000  0.00000000  0.00000000  0.00000000  0.00000000  0.02000000   -528.806773001815
  0.00000000  0.00000000  0.00000000  0.00000000  0.01000000 -0.01000000   -528.806775825687
  0.00000000  0.00000000  0.00000000  0.00000000  0.01000000  0.00000000   -528.806776904883
  0.00000000  0.00000000  0.00000000  0.00000000  0.01000000  0.01000000   -528.806775825686
  0.00000000  0.00000000  0.00000000  0.00000000  0.02000000  0.00000000   -528.806775231453
  0.00000000  0.00000000  0.00000000  0.00500000 -0.01500000  0.00000000   -528.806769403740
  0.00000000  0.00000000  0.00000000  0.00500000 -0.00500000 -0.01000000   -528.806769628915
  0.00000000  0.00000000  0.00000000  0.00500000 -0.00500000  0.00000000   -528.806770705103
  0.00000000  0.00000000  0.00000000  0.00500000 -0.00500000  0.01000000   -528.806769629021
  0.00000000  0.00000000  0.00000000  0.00500000  0.00500000 -0.01000000   -528.806769814635
  0.00000000  0.00000000  0.00000000  0.00500000  0.00500000  0.00000000   -528.806770890730
  0.00000000  0.00000000  0.00000000  0.00500000  0.00500000  0.01000000   -528.806769814643
  0.00000000  0.00000000  0.00000000  0.00500000  0.01500000  0.00000000   -528.806769961030
  0.00000000  0.00000000  0.00000000  0.01000000 -0.01000000  0.00000000   -528.806750428036
  0.00000000  0.00000000  0.00000000  0.01000000  0.00000000 -0.01000000   -528.806750289981
  0.00000000  0.00000000  0.00000000  0.01000000  0.00000000  0.00000000   -528.806751357495
  0.00000000  0.00000000  0.00000000  0.01000000  0.00000000  0.01000000   -528.806750290001
  0.00000000  0.00000000  0.00000000  0.01000000  0.01000000  0.00000000   -528.806751170947
  0.00000000  0.00000000  0.00000000  0.01500000 -0.00500000  0.00000000   -528.806718291678
  0.00000000  0.00000000  0.00000000  0.01500000  0.00500000  0.00000000   -528.806718848976
  0.00000000  0.00000000  0.00000000  0.02000000  0.00000000  0.00000000   -528.806672973791
  0.00000000  0.00000000  0.00500000 -0.01000000  0.00000000  0.00000000   -528.806737267041
  0.00000000  0.00000000  0.00500000 -0.00500000 -0.00500000  0.00000000   -528.806756491467
  0.00000000  0.00000000  0.00500000 -0.00500000  0.00500000  0.00000000   -528.806756306330
  0.00000000  0.00000000  0.00500000  0.00000000 -0.01000000  0.00000000   -528.806762403860
  0.00000000  0.00000000  0.00500000  0.00000000  0.00000000 -0.01000000   -528.806761015291
  0.00000000  0.00000000  0.00500000  0.00000000  0.00000000  0.00000000   -528.806762960599
  0.00000000  0.00000000  0.00500000  0.00000000  0.00000000  0.01000000   -528.806761015094
  0.00000000  0.00000000  0.00500000  0.00000000  0.01000000  0.00000000   -528.806762403675
  0.00000000  0.00000000  0.00500000  0.00500000 -0.00500000  0.00000000   -528.806756306460
  0.00000000  0.00000000  0.00500000  0.00500000  0.00500000  0.00000000   -528.806756491457
  0.00000000  0.00000000  0.00500000  0.01000000  0.00000000  0.00000000   -528.806737267061
  0.00000000  0.00000000  0.01000000 -0.01000000  0.00000000  0.00000000   -528.806692704591
  0.00000000  0.00000000  0.01000000 -0.00500000 -0.00500000  0.00000000   -528.806711598138
  0.00000000  0.00000000  0.01000000 -0.00500000  0.00500000  0.00000000   -528.806711413898
  0.00000000  0.00000000  0.01000000  0.00000000 -0.01000000  0.00000000   -528.806717401506
  0.00000000  0.00000000  0.01000000  0.00000000  0.00000000 -0.01000000   -528.806715092780
  0.00000000  0.00000000  0.01000000  0.00000000  0.00000000  0.00000000   -528.806717956867
  0.00000000  0.00000000  0.01000000  0.00000000  0.00000000  0.01000000   -528.806715092672
  0.00000000  0.00000000  0.01000000  0.00000000  0.01000000  0.00000000   -528.806717401294
  0.00000000  0.00000000  0.01000000  0.00500000 -0.00500000  0.00000000   -528.806711414020
  0.00000000  0.00000000  0.01000000  0.00500000  0.00500000  0.00000000   -528.806711598134
  0.00000000  0.00000000  0.01000000  0.01000000  0.00000000  0.00000000   -528.806692704635
  0.00000000  0.00000000  0.01500000  0.00000000  0.00000000  0.00000000   -528.806641180610
  0.00000000  0.00000000  0.02000000  0.00000000  0.00000000  0.00000000   -528.806531309507
  0.00000000  0.00500000 -0.01500000  0.00000000  0.00000000  0.00000000   -528.806599546344
  0.00000000  0.00500000 -0.01000000  0.00000000  0.00000000  0.00000000   -528.806682468636
  0.00000000  0.00500000 -0.00500000 -0.01000000  0.00000000  0.00000000   -528.806712568544
  0.00000000  0.00500000 -0.00500000 -0.00500000 -0.00500000  0.00000000   -528.806732168889
  0.00000000  0.00500000 -0.00500000 -0.00500000  0.00500000  0.00000000   -528.806731985028
  0.00000000  0.00500000 -0.00500000  0.00000000 -0.01000000  0.00000000   -528.806738206032
  0.00000000  0.00500000 -0.00500000  0.00000000  0.00000000 -0.01000000   -528.806738891888
  0.00000000  0.00500000 -0.00500000  0.00000000  0.00000000  0.00000000   -528.806738764476
  0.00000000  0.00500000 -0.00500000  0.00000000  0.00000000  0.01000000   -528.806738891970
  0.00000000  0.00500000 -0.00500000  0.00000000  0.01000000  0.00000000   -528.806738206018
  0.00000000  0.00500000 -0.00500000  0.00500000 -0.00500000  0.00000000   -528.806731984790
  0.00000000  0.00500000 -0.00500000  0.00500000  0.00500000  0.00000000   -528.806732168863
  0.00000000  0.00500000 -0.00500000  0.01000000  0.00000000  0.00000000   -528.806712568478
  0.00000000  0.00500000  0.00000000 -0.01000000  0.00000000  0.00000000   -528.806741488496
  0.00000000  0.00500000  0.00000000 -0.00500000 -0.00500000  0.00000000   -528.806760808693
  0.00000000  0.00500000  0.00000000 -0.00500000  0.00500000  0.00000000   -528.806760625662
  0.00000000  0.00500000  0.00000000  0.00000000 -0.01000000  0.00000000   -528.806766753647
  0.00000000  0.00500000  0.00000000  0.00000000  0.00000000 -0.01000000   -528.806766635335
  0.00000000  0.00500000  0.00000000  0.00000000  0.00000000  0.00000000   -528.806767311233
  0.00000000  0.00500000  0.00000000  0.00000000  0.00000000  0.01000000   -528.806766635439
  0.00000000  0.00500000  0.00000000  0.00000000  0.01000000  0.00000000   -528.806766753646
  0.00000000  0.00500000  0.00000000  0.00500000 -0.00500000  0.00000000   -528.806760625406
  0.00000000  0.00500000  0.00000000  0.00500000  0.00500000  0.00000000   -528.806760808529
  0.00000000  0.00500000  0.00000000  0.01000000  0.00000000  0.00000000   -528.806741488587
  0.00000000  0.00500000  0.00500000 -0.01000000  0.00000000  0.00000000   -528.806741518984
  0.00000000  0.00500000  0.00500000 -0.00500000 -0.00500000  0.00000000   -528.806760538541
  0.00000000  0.00500000  0.00500000 -0.00500000  0.00500000  0.00000000   -528.806760356155
  0.00000000  0.00500000  0.00500000  0.00000000 -0.01000000  0.00000000   -528.806766384345
  0.00000000  0.00500000  0.00500000  0.00000000  0.00000000 -0.01000000   -528.806765412957
  0.00000000  0.00500000  0.00500000  0.00000000  0.00000000  0.00000000   -528.806766941074
  0.00000000  0.00500000  0.00500000  0.00000000  0.00000000  0.01000000   -528.806765413139
  0.00000000  0.00500000  0.00500000  0.00000000  0.01000000  0.00000000   -528.806766384515
  0.00000000  0.00500000  0.00500000  0.00500000 -0.00500000  0.00000000   -528.806760355948
  0.00000000  0.00500000  0.00500000  0.00500000  0.00500000  0.00000000   -528.806760538636
  0.00000000  0.00500000  0.00500000  0.01000000  0.00000000  0.00000000   -528.806741518998
  0.00000000  0.00500000  0.01000000  0.00000000  0.00000000  0.00000000   -528.806736440429
  0.00000000  0.00500000  0.01500000  0.00000000  0.00000000  0.00000000   -528.806674547565
  0.00000000  0.01000000 -0.01000000  0.00000000  0.00000000  0.00000000   -528.806629393913
  0.00000000  0.01000000 -0.00500000  0.00000000  0.00000000  0.00000000   -528.806698963347
  0.00000000  0.01000000  0.00000000 -0.01000000  0.00000000  0.00000000   -528.806715589548
  0.00000000  0.01000000  0.00000000 -0.00500000 -0.00500000  0.00000000   -528.806734699552
  0.00000000  0.01000000  0.00000000 -0.00500000  0.00500000  0.00000000   -528.806734518817
  0.00000000  0.01000000  0.00000000  0.00000000 -0.01000000  0.00000000   -528.806740575953
  0.00000000  0.01000000  0.00000000  0.00000000  0.00000000 -0.01000000   -528.806740856366
  0.00000000  0.01000000  0.00000000  0.00000000  0.00000000  0.00000000   -528.806741133229
  0.00000000  0.01000000  0.00000000  0.00000000  0.00000000  0.01000000   -528.806740856434
  0.00000000  0.01000000  0.00000000  0.00000000  0.01000000  0.00000000   -528.806740576052
  0.00000000  0.01000000  0.00000000  0.00500000 -0.00500000  0.00000000   -528.806734518596
  0.00000000  0.01000000  0.00000000  0.00500000  0.00500000  0.00000000   -528.806734699456
  0.00000000  0.01000000  0.00000000  0.01000000  0.00000000  0.00000000   -528.806715589443
  0.00000000  0.01000000  0.00500000  0.00000000  0.00000000  0.00000000   -528.806754745414
  0.00000000  0.01000000  0.01000000  0.00000000  0.00000000  0.00000000   -528.806738595113
  0.00000000  0.01500000 -0.00500000  0.00000000  0.00000000  0.00000000   -528.806643592962
  0.00000000  0.01500000  0.00000000  0.00000000  0.00000000  0.00000000   -528.806699240737
  0.00000000  0.01500000  0.00500000  0.00000000  0.00000000  0.00000000   -528.806726686633
  0.00000000  0.02000000  0.00000000  0.00000000  0.00000000  0.00000000   -528.806641939653
  0.00500000 -0.01500000  0.00000000  0.00000000  0.00000000  0.00000000   -528.806712555502
  0.00500000 -0.01000000 -0.00500000  0.00000000  0.00000000  0.00000000   -528.806766700601
  0.00500000 -0.01000000  0.00000000  0.00000000  0.00000000  0.00000000   -528.806750701092
  0.00500000 -0.01000000  0.00500000  0.00000000  0.00000000  0.00000000   -528.806704684218
  0.00500000 -0.00500000 -0.01000000  0.00000000  0.00000000  0.00000000   -528.806747255691
  0.00500000 -0.00500000 -0.00500000  0.00000000  0.00000000  0.00000000   -528.806773788184
  0.00500000 -0.00500000  0.00000000 -0.01000000  0.00000000  0.00000000   -528.806745514720
  0.00500000 -0.00500000  0.00000000 -0.00500000 -0.00500000  0.00000000   -528.806765227282
  0.00500000 -0.00500000  0.00000000 -0.00500000  0.00500000  0.00000000   -528.806765040472
  0.00500000 -0.00500000  0.00000000  0.00000000 -0.01000000  0.00000000   -528.806771305488
  0.00500000 -0.00500000  0.00000000  0.00000000  0.00000000 -0.01000000   -528.806770303657
  0.00500000 -0.00500000  0.00000000  0.00000000  0.00000000  0.00000000   -528.806771855395
  0.00500000 -0.00500000  0.00000000  0.00000000  0.00000000  0.01000000   -528.806770303789
  0.00500000 -0.00500000  0.00000000  0.00000000  0.01000000  0.00000000   -528.806771305519
  0.00500000 -0.00500000  0.00000000  0.00500000 -0.00500000  0.00000000   -528.806765040325
  0.00500000 -0.00500000  0.00000000  0.00500000  0.00500000  0.00000000   -528.806765227171
  0.00500000 -0.00500000  0.00000000  0.01000000  0.00000000  0.00000000   -528.806745514598
  0.00500000 -0.00500000  0.00500000  0.00000000  0.00000000  0.00000000   -528.806740271483
  0.00500000 -0.00500000  0.01000000  0.00000000  0.00000000  0.00000000   -528.806677804080
  0.00500000  0.00000000 -0.01500000  0.00000000  0.00000000  0.00000000   -528.806657198876
  0.00500000  0.00000000 -0.01000000  0.00000000  0.00000000  0.00000000   -528.806724271180
  0.00500000  0.00000000 -0.00500000 -0.01000000  0.00000000  0.00000000   -528.806737925357
  0.00500000  0.00000000 -0.00500000 -0.00500000 -0.00500000  0.00000000   -528.806757710327
  0.00500000  0.00000000 -0.00500000 -0.00500000  0.00500000  0.00000000   -528.806757525516
  0.00500000  0.00000000 -0.00500000  0.00000000 -0.01000000  0.00000000   -528.806763813734
  0.00500000  0.00000000 -0.00500000  0.00000000  0.00000000 -0.01000000   -528.806764038065
  0.00500000  0.00000000 -0.00500000  0.00000000  0.00000000  0.00000000   -528.806764364617
  0.00500000  0.00000000 -0.00500000  0.00000000  0.00000000  0.01000000   -528.806764038268
  0.00500000  0.00000000 -0.00500000  0.00000000  0.01000000  0.00000000   -528.806763813932
  0.00500000  0.00000000 -0.00500000  0.00500000 -0.00500000  0.00000000   -528.806757525478
  0.00500000  0.00000000 -0.00500000  0.00500000  0.00500000  0.00000000   -528.806757710574
  0.00500000  0.00000000 -0.00500000  0.01000000  0.00000000  0.00000000   -528.806737925289
  0.00500000  0.00000000  0.00000000 -0.01000000  0.00000000  0.00000000   -528.806750293329
  0.00500000  0.00000000  0.00000000 -0.00500000 -0.00500000  0.00000000   -528.806769789626
  0.00500000  0.00000000  0.00000000 -0.00500000  0.00500000  0.00000000   -528.806769605081
  0.00500000  0.00000000  0.00000000  0.00000000 -0.01000000  0.00000000   -528.806775797587
  0.00500000  0.00000000  0.00000000  0.00000000  0.00000000 -0.01000000   -528.806775203005
  0.00500000  0.00000000  0.00000000  0.00000000  0.00000000  0.00000000   -528.806776347393
  0.00500000  0.00000000  0.00000000  0.00000000  0.00000000  0.01000000   -528.806775203090
  0.00500000  0.00000000  0.00000000  0.00000000  0.01000000  0.00000000   -528.806775797518
  0.00500000  0.00000000  0.00000000  0.00500000 -0.00500000  0.00000000   -528.806769605086
  0.00500000  0.00000000  0.00000000  0.00500000  0.00500000  0.00000000   -528.806769789604
  0.00500000  0.00000000  0.00000000  0.01000000  0.00000000  0.00000000   -528.806750293194
  0.00500000  0.00000000  0.00500000 -0.01000000  0.00000000  0.00000000   -528.806733401617
  0.00500000  0.00000000  0.00500000 -0.00500000 -0.00500000  0.00000000   -528.806752588511
  0.00500000  0.00000000  0.00500000 -0.00500000  0.00500000  0.00000000   -528.806752405009
  0.00500000  0.00000000  0.00500000  0.00000000 -0.01000000  0.00000000   -528.806758494659
  0.00500000  0.00000000  0.00500000  0.00000000  0.00000000 -0.01000000   -528.806757031645
  0.00500000  0.00000000  0.00500000  0.00000000  0.00000000  0.00000000   -528.806759043181
  0.00500000  0.00000000  0.00500000  0.00000000  0.00000000  0.01000000   -528.806757031649
  0.00500000  0.00000000  0.00500000  0.00000000  0.01000000  0.00000000   -528.806758494501
  0.00500000  0.00000000  0.00500000  0.00500000 -0.00500000  0.00000000   -528.806752404730
  0.00500000  0.00000000  0.00500000  0.00500000  0.00500000  0.00000000   -528.806752588469
  0.00500000  0.00000000  0.00500000  0.01000000  0.00000000  0.00000000   -528.806733401421
  0.00500000  0.00000000  0.01000000  0.00000000  0.00000000  0.00000000   -528.806711229164
  0.00500000  0.00000000  0.01500000  0.00000000  0.00000000  0.00000000   -528.806631634166
  0.00500000  0.00500000 -0.01000000  0.00000000  0.00000000  0.00000000   -528.806685243629
  0.00500000  0.00500000 -0.00500000  0.00000000  0.00000000  0.00000000   -528.806738751284
  0.00500000  0.00500000  0.00000000 -0.01000000  0.00000000  0.00000000   -528.806738729561
  0.00500000  0.00500000  0.00000000 -0.00500000 -0.00500000  0.00000000   -528.806758012848
  0.00500000  0.00500000  0.00000000 -0.00500000  0.00500000  0.00000000   -528.806757830844
  0.00500000  0.00500000  0.00000000  0.00000000 -0.01000000  0.00000000   -528.806763951681
  0.00500000  0.00500000  0.00000000  0.00000000  0.00000000 -0.01000000   -528.806763759750
  0.00500000  0.00500000  0.00000000  0.00000000  0.00000000  0.00000000   -528.806764500887
  0.00500000  0.00500000  0.00000000  0.00000000  0.00000000  0.01000000   -528.806763759926
  0.00500000  0.00500000  0.00000000  0.00000000  0.01000000  0.00000000   -528.806763951622
  0.00500000  0.00500000  0.00000000  0.00500000 -0.00500000  0.00000000   -528.806757830745
  0.00500000  0.00500000  0.00000000  0.00500000  0.00500000  0.00000000   -528.806758012879
  0.00500000  0.00500000  0.00000000  0.01000000  0.00000000  0.00000000   -528.806738729459
  0.00500000  0.00500000  0.00500000  0.00000000  0.00000000  0.00000000   -528.806761325246
  0.00500000  0.00500000  0.01000000  0.00000000  0.00000000  0.00000000   -528.806728010440
  0.00500000  0.01000000 -0.00500000  0.00000000  0.00000000  0.00000000   -528.806697265024
  0.00500000  0.01000000  0.00000000  0.00000000  0.00000000  0.00000000   -528.806736634317
  0.00500000  0.01000000  0.00500000  0.00000000  0.00000000  0.00000000   -528.806747436976
  0.00500000  0.01500000  0.00000000  0.00000000  0.00000000  0.00000000   -528.806693059061
  0.01000000 -0.01000000  0.00000000  0.00000000  0.00000000  0.00000000   -528.806750245042
  0.01000000 -0.00500000 -0.00500000  0.00000000  0.00000000  0.00000000   -528.806774411926
  0.01000000 -0.00500000  0.00000000  0.00000000  0.00000000  0.00000000   -528.806769718695
  0.01000000 -0.00500000  0.00500000  0.00000000  0.00000000  0.00000000   -528.806735366152
  0.01000000  0.00000000 -0.01000000  0.00000000  0.00000000  0.00000000   -528.806725979798
  0.01000000  0.00000000 -0.00500000  0.00000000  0.00000000  0.00000000   -528.806763317400
  0.01000000  0.00000000  0.00000000 -0.01000000  0.00000000  0.00000000   -528.806746532798
  0.01000000  0.00000000  0.00000000 -0.00500000 -0.00500000  0.00000000   -528.806765992221
  0.01000000  0.00000000  0.00000000 -0.00500000  0.00500000  0.00000000   -528.806765809629
  0.01000000  0.00000000  0.00000000  0.00000000 -0.01000000  0.00000000   -528.806771994597
  0.01000000  0.00000000  0.00000000  0.00000000  0.00000000 -0.01000000   -528.806771327039
  0.01000000  0.00000000  0.00000000  0.00000000  0.00000000  0.00000000   -528.806772535959
  0.01000000  0.00000000  0.00000000  0.00000000  0.00000000  0.01000000   -528.806771327183
  0.01000000  0.00000000  0.00000000  0.00000000  0.01000000  0.00000000   -528.806771994634
  0.01000000  0.00000000  0.00000000  0.00500000 -0.00500000  0.00000000   -528.806765809465
  0.01000000  0.00000000  0.00000000  0.00500000  0.00500000  0.00000000   -528.806765992579
  0.01000000  0.00000000  0.00000000  0.01000000  0.00000000  0.00000000   -528.806746532757
  0.01000000  0.00000000  0.00500000  0.00000000  0.00000000  0.00000000   -528.806752459376
  0.01000000  0.00000000  0.01000000  0.00000000  0.00000000  0.00000000   -528.806701864189
  0.01000000  0.00500000 -0.00500000  0.00000000  0.00000000  0.00000000   -528.806736039410
  0.01000000  0.00500000  0.00000000  0.00000000  0.00000000  0.00000000   -528.806759021012
  0.01000000  0.00500000  0.00500000  0.00000000  0.00000000  0.00000000   -528.806753068545
  0.01000000  0.01000000  0.00000000  0.00000000  0.00000000  0.00000000   -528.806729491019
  0.01500000 -0.00500000  0.00000000  0.00000000  0.00000000  0.00000000   -528.806764934150
  0.01500000  0.00000000 -0.00500000  0.00000000  0.00000000  0.00000000   -528.806759618915
  0.01500000  0.00000000  0.00000000  0.00000000  0.00000000  0.00000000   -528.806766102186
  0.01500000  0.00000000  0.00500000  0.00000000  0.00000000  0.00000000   -528.806743281532
  0.01500000  0.00500000  0.00000000  0.00000000  0.00000000  0.00000000   -528.806750943541
  0.02000000  0.00000000  0.00000000  0.00000000  0.00000000  0.00000000   -528.806757116991
UNKNOWNS
  84
FUNCTION
    0    1    0    0    2    1    0    1    0    0    0    0    0    0    3    2
    1    0    2    1    0    1    0    0    1    0    0    1    0    0    1    0
    0    1    0    0    4    3    2    1    0    3    2    1    0    2    1    0
    1    0    0    2    1    0    1    0    0    0    2    1    0    1    0    0
    0    2    1    0    1    0    0    0    0    0    2    1    0    1    0    0
    0    0    0    0
    0    0    1    0    0    1    2    0    1    0    0    0    0    0    0    1
    2    3    0    1    2    0    1    0    0    1    0    0    1    0    0    1
    0    0    1    0    0    1    2    3    4    0    1    2    3    0    1    2
    0    1    0    0    1    2    0    1    0    0    0    1    2    0    1    0
    0    0    1    2    0    1    0    0    0    0    0    1    2    0    1    0
    0    0    0    0
    0    0    0    1    0    0    0    1    1    2    0    0    0    0    0    0
    0    0    1    1    1    2    2    3    0    0    1    0    0    1    0    0
    1    0    0    1    0    0    0    0    0    1    1    1    1    2    2    2
    3    3    4    0    0    0    1    1    2    0    0    0    0    1    1    2
    0    0    0    0    1    1    2    0    0    0    0    0    0    1    1    2
    0    0    0    0
    0    0    0    0    0    0    0    0    0    0    2    1    0    0    0    0
    0    0    0    0    0    0    0    0    2    2    2    1    1    1    0    0
    0    0    0    0    0    0    0    0    0    0    0    0    0    0    0    0
    0    0    0    2    2    2    2    2    2    4    1    1    1    1    1    1
    3    0    0    0    0    0    0    2    1    0    0    0    0    0    0    0
    2    1    0    0
    0    0    0    0    0    0    0    0    0    0    0    1    2    0    0    0
    0    0    0    0    0    0    0    0    0    0    0    1    1    1    2    2
    2    0    0    0    0    0    0    0    0    0    0    0    0    0    0    0
    0    0    0    0    0    0    0    0    0    0    1    1    1    1    1    1
    1    2    2    2    2    2    2    2    3    4    0    0    0    0    0    0
    0    1    2    0
    0    0    0    0    0    0    0    0    0    0    0    0    0    2    0    0
    0    0    0    0    0    0    0    0    0    0    0    0    0    0    0    0
    0    2    2    2    0    0    0    0    0    0    0    0    0    0    0    0
    0    0    0    0    0    0    0    0    0    0    0    0    0    0    0    0
    0    0    0    0    0    0    0    0    0    0    2    2    2    2    2    2
    2    2    2    4
END OF DATA
!FIT
!STATIONARY POINT
!END

