          22
    0    0    0    0     -0.000000000002
    1    0    0    0      0.000000041930
    2    0    0    0     -0.000000264797
    1    1    0    0      2.531506393393
    2    1    0    0      0.070464148023
    2    2    0    0     17.287840670495
    3    3    0    0      0.158959108493
    1    1    1    0    -12.075694167824
    2    1    1    0     -0.704857188763
    2    2    1    0     -0.001265801984
    2    2    2    0   -114.923560760246
    3    3    1    0     -0.082334096652
    3    3    2    0     -0.313870766333
    1    1    1    1     51.926957214340
    2    1    1    1      2.657854022512
    2    2    1    1      0.496805316060
    2    2    2    1     -0.105396343615
    2    2    2    2    652.854210367089
    3    3    1    1      0.555347821746
    3    3    2    1      0.251258304281
    3    3    2    2      0.986620614267
    3    3    3    3     -0.862803748627
