 -0.00500000 -0.00500000 -0.01000000   -928.803427178614
 -0.00500000 -0.00500000  0.00000000   -928.803431846967
 -0.00500000 -0.00500000  0.01000000   -928.803427177909
 -0.00500000 -0.01000000  0.00000000   -928.802971523063
 -0.00500000 -0.01500000  0.00000000   -928.802301460160
 -0.00500000  0.00000000 -0.01000000   -928.803687994437
 -0.00500000  0.00000000  0.00000000   -928.803695336223
 -0.00500000  0.00000000  0.01000000   -928.803687992978
 -0.00500000  0.00500000 -0.01000000   -928.803764430389
 -0.00500000  0.00500000  0.00000000   -928.803774267270
 -0.00500000  0.00500000  0.01000000   -928.803764430647
 -0.00500000  0.01000000  0.00000000   -928.803680319780
 -0.00500000  0.01500000  0.00000000   -928.803424611244
 -0.01000000 -0.00500000  0.00000000   -928.803195722819
 -0.01000000 -0.01000000  0.00000000   -928.802682002570
 -0.01000000  0.00000000 -0.01000000   -928.803503203197
 -0.01000000  0.00000000  0.00000000   -928.803510417855
 -0.01000000  0.00000000  0.01000000   -928.803503204296
 -0.01000000  0.00500000  0.00000000   -928.803638443333
 -0.01000000  0.01000000  0.00000000   -928.803591555911
 -0.01500000 -0.00500000  0.00000000   -928.802933946379
 -0.01500000  0.00000000  0.00000000   -928.803300381836
 -0.01500000  0.00500000  0.00000000   -928.803478024543
 -0.02000000  0.00000000  0.00000000   -928.803064863477
  0.00000000 -0.00500000 -0.01000000   -928.803637817140
  0.00000000 -0.00500000  0.00000000   -928.803642687908
  0.00000000 -0.00500000  0.01000000   -928.803637817976
  0.00000000 -0.01000000 -0.01000000   -928.803233144590
  0.00000000 -0.01000000  0.00000000   -928.803235212701
  0.00000000 -0.01000000  0.01000000   -928.803233145415
  0.00000000 -0.01500000  0.00000000   -928.802620252236
  0.00000000 -0.02000000  0.00000000   -928.801784333812
  0.00000000  0.00000000 -0.01000000   -928.803848027775
  0.00000000  0.00000000 -0.02000000   -928.803825098186
  0.00000000  0.00000000  0.00000000   -928.803855499612
  0.00000000  0.00000000  0.01000000   -928.803848027968
  0.00000000  0.00000000  0.02000000   -928.803825096785
  0.00000000  0.00500000 -0.01000000   -928.803875954453
  0.00000000  0.00500000  0.00000000   -928.803885851677
  0.00000000  0.00500000  0.01000000   -928.803875954552
  0.00000000  0.01000000 -0.01000000   -928.803733184448
  0.00000000  0.01000000  0.00000000   -928.803745350437
  0.00000000  0.01000000  0.01000000   -928.803733183710
  0.00000000  0.01500000  0.00000000   -928.803445036350
  0.00000000  0.02000000  0.00000000   -928.802995414534
  0.00500000 -0.00500000 -0.01000000   -928.803823537150
  0.00500000 -0.00500000  0.00000000   -928.803828607816
  0.00500000 -0.00500000  0.01000000   -928.803823537322
  0.00500000 -0.01000000  0.00000000   -928.803473440540
  0.00500000 -0.01500000  0.00000000   -928.802913027975
  0.00500000  0.00000000 -0.01000000   -928.803983668092
  0.00500000  0.00000000  0.00000000   -928.803991270222
  0.00500000  0.00000000  0.01000000   -928.803983665965
  0.00500000  0.00500000 -0.01000000   -928.803963593825
  0.00500000  0.00500000  0.00000000   -928.803973557434
  0.00500000  0.00500000  0.01000000   -928.803963593047
  0.00500000  0.01000000  0.00000000   -928.803786999515
  0.00500000  0.01500000  0.00000000   -928.803442569196
  0.01000000 -0.00500000  0.00000000   -928.803989964314
  0.01000000 -0.01000000  0.00000000   -928.803686567692
  0.01000000  0.00000000 -0.01000000   -928.804095268506
  0.01000000  0.00000000  0.00000000   -928.804103001994
  0.01000000  0.00000000  0.01000000   -928.804095267019
  0.01000000  0.00500000  0.00000000   -928.804037730519
  0.01000000  0.01000000  0.00000000   -928.803805614731
  0.01500000 -0.00500000  0.00000000   -928.804127112971
  0.01500000  0.00000000  0.00000000   -928.804191045576
  0.01500000  0.00500000  0.00000000   -928.804078724575
  0.02000000  0.00000000  0.00000000   -928.804255746513
UNKNOWNS
  22
FUNCTION
   0    1    0    2    1    0    0    3    2    1    0    1    0    4    3    2
   1    0    2    1    0    0
   0    0    1    0    1    2    0    0    1    2    3    0    1    0    1    2
   3    4    0    1    2    0
   0    0    0    0    0    0    2    0    0    0    0    2    2    0    0    0
   0    0    2    2    2    4 
