DISP  55
    1       -0.020000000000
    0
    1       -0.015000000000
    2       -0.005000000000
    0
    1       -0.015000000000
    0
    1       -0.015000000000
    2        0.005000000000
    0
    1       -0.010000000000
    2       -0.010000000000
    0
    1       -0.010000000000
    2       -0.005000000000
    0
    1       -0.010000000000
    0
    1       -0.010000000000
    3        0.010000000000
    0
    1       -0.010000000000
    2        0.005000000000
    0
    1       -0.010000000000
    2        0.010000000000
    0
    1       -0.005000000000
    2       -0.015000000000
    0
    1       -0.005000000000
    2       -0.010000000000
    0
    1       -0.005000000000
    2       -0.005000000000
    0
    1       -0.005000000000
    2       -0.005000000000
    3        0.010000000000
    0
    1       -0.005000000000
    0
    1       -0.005000000000
    3        0.010000000000
    0
    1       -0.005000000000
    2        0.005000000000
    0
    1       -0.005000000000
    2        0.005000000000
    3        0.010000000000
    0
    1       -0.005000000000
    2        0.010000000000
    0
    1       -0.005000000000
    2        0.015000000000
    0
    1        0.000000000000
    2       -0.020000000000
    0
    1        0.000000000000
    2       -0.015000000000
    0
    1        0.000000000000
    2       -0.010000000000
    0
    1        0.000000000000
    2       -0.010000000000
    3        0.010000000000
    0
    1        0.000000000000
    2       -0.005000000000
    0
    1        0.000000000000
    2       -0.005000000000
    3        0.010000000000
    0
    1        0.000000000000
    0
    1        0.000000000000
    3        0.010000000000
    0
    1        0.000000000000
    3        0.020000000000
    0
    1        0.000000000000
    2        0.005000000000
    0
    1        0.000000000000
    2        0.005000000000
    3        0.010000000000
    0
    1        0.000000000000
    2        0.010000000000
    0
    1        0.000000000000
    2        0.010000000000
    3        0.010000000000
    0
    1        0.000000000000
    2        0.015000000000
    0
    1        0.000000000000
    2        0.020000000000
    0
    1        0.005000000000
    2       -0.015000000000
    0
    1        0.005000000000
    2       -0.010000000000
    0
    1        0.005000000000
    2       -0.005000000000
    0
    1        0.005000000000
    2       -0.005000000000
    3        0.010000000000
    0
    1        0.005000000000
    0
    1        0.005000000000
    3        0.010000000000
    0
    1        0.005000000000
    2        0.005000000000
    0
    1        0.005000000000
    2        0.005000000000
    3        0.010000000000
    0
    1        0.005000000000
    2        0.010000000000
    0
    1        0.005000000000
    2        0.015000000000
    0
    1        0.010000000000
    2       -0.010000000000
    0
    1        0.010000000000
    2       -0.005000000000
    0
    1        0.010000000000
    0
    1        0.010000000000
    3        0.010000000000
    0
    1        0.010000000000
    2        0.005000000000
    0
    1        0.010000000000
    2        0.010000000000
    0
    1        0.015000000000
    2       -0.005000000000
    0
    1        0.015000000000
    0
    1        0.015000000000
    2        0.005000000000
    0
    1        0.020000000000
    0


