# SPECTRO ##########################################
    1   -1    3    0    2    0    0    4    0    1   00    0    0    0    0
    0    0    1    0    0    1    0    0    0    0    0    0    0    0    0
# GEOM #######################################
   4   1
18.00      0.000000000000     0.000000000000     0.000000000000
 6.00      0.000000000000     0.000000000000     3.114360645796
 6.00      0.000000000000     0.000000000000     5.372513303860
 1.00      0.000000000000     0.000000000000     7.393961524785
 0.00      1.889725988579     0.000000000000     0.000000000000
 0.00      0.000000000000     1.889725988579     0.000000000000
# WEIGHT ###### 
    4
    1   35.967545
    2   12.0
    3   12.0
    4    1.007825
    5    0.00
    6    0.00
# CURVIL ##########################################
    1    2
    2    3
    3    4
    2    1    3
    3    2    4
# DEGMODE #####
    3    2    0
    1    2    5
    3    4
    6    7
# FERMI2 ######
    3
    5    3    6
    5    6    3
    6    3    5
# DARLING #####
    1
    5    3
