# SPECTRO ##########################################
    1    1    2    0    1    0    0    4    0    0   00    0    0    0    0
    0    1    0    0    0    1    0    0    0    0    0    0   12    0    0
# GEOM #######################################
   3   1
18.00      0.000000000000     0.000000000000    -0.180565059992
 6.00      0.000000000000     0.000000000000     2.531087057189
 7.00      0.000000000000     0.000000000000     4.628697504941
# WEIGHT ###### 
    3
    1   39.962383
    2   12.0
    3   14.003074
# CURVIL ##########################################
    1    2
    2    3
    2    1    3
# DEGMODE #####
    2    1    0
    1    2
    3
    4
# FERMI1 ####
    1
    3    2

