# SPECTRO ##########################################
    1   01    3    2    0    0    1    4    0    0   00    0    0    0    0
    0    4    0    0    0    1    0    0    0    0    0    0    0    0    0
# GEOM #######################################
   4   1 
 1.00      0.000000000000     0.000000000000    -3.420897564075
 6.00      0.000000000000     0.000000000000    -1.368536430813
 6.00      0.000000000000     1.405912855935     0.827805784830
 6.00      0.000000000000    -1.405912855935     0.827805784830
# WEIGHT ###### 
    4    
    1    1.007825 
    2   12.000112 
    3   12.000112
    4   12.000112
# CURVIL ##########################################
    1    2      
    2    3      
    2    4    
    2    1    3
    2    1    4
    1    2    3    4
# FERMI1 ###
    2
    2    1
    6    2
# RESIN ####
    1
    4
    1    0    0    0    0    0
    0    1    0    0    0    0
    0    2    0    0    0    0
    0    0    0    0    0    2
# CORIOLIS ####
    2
    0
    5    4    0    0    1
    0
    6    5    1    0    0
     


